1302  25  -4   0.5  10.140150  K1JT FN20 25             -20.3
1312   1 -17   0.4  10.140157  TF3HZ HP94 35              7.6
1432   3  -3  -0.1  10.140127  N3TFM EN72 30             14.3
1432   9   4  -0.3  10.140141  VE1VDM FN85 23            14.3
1440   7   8   0.3  10.140141  VE1VDM FN85 23            18.4
1440   1 -11   0.3  10.140158  W8LIW EN81 27             18.4
1442   3 -12   0.4  10.140159  W8LIW EN81 27             10.6
1446  12   5   0.3  10.140141  VE1VDM FN85 23            11.7
1446   2 -12   0.3  10.140158  W8LIW EN81 27             11.7
1448   6 -10   0.1  10.140122  N4AU EM62 20               8.0
1448   6 -14   0.8  10.140137  K7EK CN87 37               8.0
1450  14   8   0.3  10.140141  VE1VDM FN85 23            15.1
1452  10  -5   0.5  10.140127  N3TFM EN72 30             12.9
1504   6   3   0.3  10.140141  VE1VDM FN85 23            13.4
1504   2   6   1.1  10.140167  K9FH EN62 30              13.4
1510  14   2   0.4  10.140127  N3TFM EN72 30             15.0
1510  12   5   0.4  10.140141  VE1VDM FN85 23            15.0
1510   1 -11   0.3  10.140157  W8LIW EN81 27             15.0
1512   3   4   0.4  10.140141  VE1VDM FN85 23            14.8
1512   9   1   1.3  10.140169  K9FH EN62 30              14.8
1512   1   3   0.6  10.140203  NC5O EM12 20              14.8
1516   7   0   0.5  10.140127  N3TFM EN72 30              6.3
1524   4   1   0.4  10.140141  VE1VDM FN85 23            12.2
1526   7 -17   0.4  10.140157                            14.5
1526   9   3   1.4  10.140168  K9FH EN62 30              14.5
1528   2 -19   0.4  10.140158  TF3HZ HP94 35              9.4
1530   8 -19   0.4  10.140147  OZ1PIF JO65 30            11.8
1532   4 -14   0.4  10.140128  N3TFM EN72 30             11.7
1532   3 -20   0.8  10.140137  K7EK CN87 37              11.7
1532   1 -25   0.3  10.140157  TF3HZ HP94 35             11.7
1538   2  -9   0.3  10.140158  W8LIW EN81 27             24.2
1538   7   4   1.5  10.140168  K9FH EN62 30              24.2

Wed Mar 19 15:42:51 2008 UTC
 UTC Sync dB    DT     Freq    Message                  Noise
-------------------------------------------------------------
1550   1  -2  -0.1  10.140044  W9SE EN50 27              14.9
1550   4   1   0.4  10.140164  W7IUV DN07 35             14.9
1554   9   1  -0.2  10.140044  W9SE EN50 27              14.6
1554   2 -18   0.4  10.140158  TF3HZ HP94 35             14.6
1556   4   2   0.4  10.140128  N3TFM EN72 30              8.1
1556   1 -19   0.3  10.140157  TF3HZ HP94 35              8.1
1558   4  -5   0.6  10.140127  N3TFM EN72 30             15.1
1558   1   3   1.6  10.140169  K9FH EN62 30              15.1
1600   4  -6   0.4  10.140158  W8LIW EN81 27              8.4
1602   5  -6   1.5  10.140169  K9FH EN62 30              22.4
1604   1 -16   0.4  10.140157  TF3HZ HP94 35             19.0
1606   7   2  -0.3  10.140044  W9SE EN50 27              10.9
1606   6 -19   0.3  10.140157  TF3HZ HP94 35             10.9
1608   1 -25   2.5  10.140106                             7.2
1608  10 -17   0.4  10.140157  TF3HZ HP94 35              7.2
1610  10   6  -0.0  10.140044  W9SE EN50 27              12.7
1610   4 -23   1.1  10.140137  K7EK CN87 37              12.7
1610   2 -20   0.4  10.140157  TF3HZ HP94 35             12.7
1612   4 -14   0.4  10.140128  N3TFM EN72 30             11.9
1612   4 -20   0.7  10.140136  K7EK CN87 37              11.9
1612   2 -19   0.3  10.140158  TF3HZ HP94 35             11.9
1614  11 -12   0.5  10.140127  N3TFM EN72 30             11.9
1614   4   7   0.0  10.140144  W9SE EN50 27              11.9
1614   1 -15   0.4  10.140158  TF3HZ HP94 35             11.9
1618  12 -16   0.5  10.140127  N3TFM EN72 30             10.1
1618   4   5   0.4  10.140168  W7IUV DN07 35             10.1
1620   3   3   0.4  10.140144  W9SE EN50 27              16.1
1622   6  -2   0.4  10.140158  W8LIW EN81 27             16.1
1626   2 -18   0.3  10.140147  OZ1PIF JO65 30            10.8
1632   2 -18   0.6  10.140112                            21.8
1632   3 -18   0.4  10.140128                            21.8
1632   1 -22   0.4  10.140158                            21.8
1638   3  -1   0.4  10.140150  NC5O EM12 30              12.9
1650   2 -22   0.1  10.140112  F8RZ IN95 30              15.2
1650   8  -9   0.4  10.140127  N3TFM EN72 30             15.2

 Wed Mar 19 16:53:59 2008 UTC
 UTC Sync dB    DT     Freq    Message          
------------------------------------------------
1654   2 -23   0.0  10.140112  F8RZ IN95 30          
1656   6  -3   0.4  10.140152  NC5O EM12 27          
1656   4  -1   0.4  10.140165  W7IUV DN07 35         
1658   8  -3   0.5  10.140128  N3TFM EN72 30         

 Wed Mar 19 17:00:59 2008 UTC
 UTC Sync dB    DT     Freq    Message          
------------------------------------------------
1702   6   0   0.4  10.140127  N3TFM EN72 30         

 Wed Mar 19 17:05:36 2008 UTC
 UTC Sync dB    DT     Freq    Message          
------------------------------------------------
1706   7 -13   0.4  10.140147  OZ1PIF JO65 30 
1708   3   0   0.4  10.140127  N3TFM EN72 30  
1708   9 -19   0.4  10.140146  OZ1PIF JO65 30 
1708   7 -21   0.4  10.140157  TF3HZ HP94 30  

 Wed Mar 19 17:11:01 2008 UTC
 UTC Sync dB    DT     Freq    Message          
------------------------------------------------
1712   5  -4   0.4  10.140127  N3TFM EN72 30  
1712   7  -9   0.4  10.140151  NC5O EM12 27   
1714   2 -16   0.3  10.140158  W8LIW EN81 27  

 Wed Mar 19 17:18:29 2008 UTC
 UTC Sync dB    DT     Freq    Message          
------------------------------------------------
1720   1  -7   0.2  10.140152  NC5O EM12 27   
1722   5  -4   0.4  10.140150  NC5O EM12 27   
1722   1 -18   0.4  10.140160                 
1724   9 -13   0.4  10.140164  W7IUV DN07 35  
1726   7 -24   0.4  10.140146  OZ1PIF JO65 30 
1726   5 -26   0.3  10.140157  TF3HZ HP94 30  

 Wed Mar 19 17:28:41 2008 UTC
 UTC Sync dB    DT     Freq    Message          
------------------------------------------------
1730  10 -19   0.4  10.140147  OZ1PIF JO65 30 
1732   2 -29   0.0  10.140111  F8RZ IN95 30   
1732   7 -11   0.4  10.140127  N3TFM EN72 30  

 Wed Mar 19 17:35:53 2008 UTC
 UTC Sync dB    DT     Freq    Message          
------------------------------------------------
1736  13  -8   0.4  10.140127  N3TFM EN72 30  
1736   4 -22   0.4  10.140147  OZ1PIF JO65 30 
1736   4 -18   0.3  10.140164  W7IUV DN07 35  
1738   3  -9   0.3  10.140141  VE1VDM FN85 23 
1738   4 -25   0.3  10.140157  TF3HZ HP94 30  

 Wed Mar 19 17:40:03 2008 UTC
 UTC Sync dB    DT     Freq    Message          
------------------------------------------------
1742   4 -21   0.4  10.140157  TF3HZ HP94 30  
1744   8 -10   0.5  10.140127  N3TFM EN72 30  
1746   8 -15  -0.1  10.140122  N4AU EM62 20   
1746   1 -24   0.4  10.140165  W7IUV DN07 35  
1750   6 -20   0.4  10.140146  OZ1PIF JO65 30 
1752   7 -17   0.4  10.140164  W7IUV DN07 35  
1754   7   0   0.5  10.140127  N3TFM EN72 30  
1754   9  -7   0.4  10.140152  NC5O EM12 27   
1756   6 -10   0.4  10.140151  NC5O EM12 27   
1756   4 -12   0.4  10.140157  W8LIW EN81 27  
1758  14  -2   0.3  10.140141  VE1VDM FN85 23 
1800  17  -8   0.5  10.140127  N3TFM EN72 30  
1800   4 -19   0.4  10.140164  W7IUV DN07 35  
1802   8 -16   0.4  10.140158                 
1804   5 -10  -0.0  10.140114  N4AU EM62 20   
1804  13  -4   0.4  10.140127  N3TFM EN72 30  
1804  10  -7   0.4  10.140152  NC5O EM12 27   

 Wed Mar 19 18:13:08 2008 UTC
 UTC Sync dB    DT     Freq    Message          
------------------------------------------------
1814   1 -21   0.4  10.140146  OZ1PIF JO65 30 
1816  10  -8   0.5  10.140127  N3TFM EN72 30  
1818   9  -2   0.4  10.140157  W8LIW EN81 27  

 Wed Mar 19 18:20:15 2008 UTC
 UTC Sync dB    DT     Freq    Message          
------------------------------------------------

 Wed Mar 19 18:20:25 2008 UTC
 UTC Sync dB    DT     Freq    Message          
------------------------------------------------
1822  15  -6   0.4  10.140151  NC5O EM12 27   
1824  11 -13   0.4  10.140127  N3TFM EN72 30  
1824   6 -12   0.0  10.140133  N4AU EM62 20   
1824   3 -17   0.3  10.140150  NC5O EM12 27   
1824   3 -27   0.4  10.140165  W7IUV DN07 35  
1826   4  -2   0.5  10.140126  N3TFM EN72 30  
1832   2 -26   0.7  10.140203  GI8HXY IO64 37 
1836   8  -4   0.4  10.140127  N3TFM EN72 30  
1836   6   5   0.4  10.140141  VE1VDM FN85 23 
1836  11 -16   0.4  10.140165  W7IUV DN07 35  
1838   6  -8   1.3  10.140147  N4AU EM62 20   
1838   4 -22   0.4  10.140157                 
1840  11   3   0.4  10.140141  VE1VDM FN85 23 
1840   4  -7   1.1  10.140150  000AAA RA90 -64

 Wed Mar 19 18:43:30 2008 UTC
 UTC Sync dB    DT     Freq    Message          
------------------------------------------------
1844   3  -5   0.5  10.140127  N3TFM EN72 30  
1844   5 -24   0.4  10.140162                 
1846   3   1   0.4  10.140141  VE1VDM FN85 23 
1848   6 -15   0.3  10.140164  W7IUV DN07 35  

 Wed Mar 19 18:51:03 2008 UTC
 UTC Sync dB    DT     Freq    Message          
------------------------------------------------
1854   8 -17   0.3  10.140147  OZ1PIF JO65 30 
1854   6 -12   0.4  10.140164  W7IUV DN07 35  

 Wed Mar 19 18:56:08 2008 UTC
 UTC Sync dB    DT     Freq    Message          
------------------------------------------------
1858   5 -11   0.1  10.140129  N4AU EM62 20   
1900   3 -20   0.3  10.140162  W8LIW EN81 27  

 Wed Mar 19 19:03:05 2008 UTC
 UTC Sync dB    DT     Freq    Message          
------------------------------------------------

 Wed Mar 19 19:05:18 2008 UTC
 UTC Sync dB    DT     Freq    Message          
------------------------------------------------
1906   6 -17   0.3  10.140147  OZ1PIF JO65 30 
1906   1 -27   0.3  10.140157                 
1908   9 -15   0.4  10.140128  N3TFM EN72 30  
1910  10 -14   0.4  10.140127  N3TFM EN72 30  
1910   2   5   0.3  10.140141  VE1VDM FN85 23 
1912   8   1   0.1  10.140122  N4AU EM62 20   
1914   2 -26   0.8  10.140136                 
1914   2 -22   1.1  10.140178                 
1916   4 -16   0.4  10.140146                 
1922   3  -8   0.3  10.140147  OZ1PIF JO65 30 
1924  12  -1   0.4  10.140128  N3TFM EN72 30  
1924   4  -9   0.4  10.140182  GI8HXY IO64 37 
1926   4   4   0.3  10.140141  VE1VDM FN85 23 
1926   3  -1   0.5  10.140182  GI8HXY IO64 37 
1928   4  -9   0.5  10.140127  N3TFM EN72 30  
1928   4 -24   0.4  10.140157  TF3HZ HP94 27  
1930   3 -11   0.4  10.140147  OZ1PIF JO65 30 
1932  10  -1   0.3  10.140121  N4AU EM62 20   
1932   6  -4   0.4  10.140178  GI8HXY IO64 37 
1934   3 -19  -0.9  10.140163  W8LIW EN81 27  
1936   8 -10   0.4  10.140128  N3TFM EN72 30  
1936   4 -25   0.3  10.140157  TF3HZ HP94 27  
1938  17 -12   0.4  10.140127  N3TFM EN72 30  
1940  10  -2   0.4  10.140121  N4AU EM62 20   
1940   1 -28   0.3  10.140157                 
1940  12 -13   0.3  10.140167  W7IUV DN07 35  
1944   8  -7   0.4  10.140127  N3TFM EN72 30  
1948  10  -2   0.4  10.140120  N4AU EM62 20   
1948   1 -31   0.4  10.140149                 
1950   1 -23   0.4  10.140157  TF3HZ HP94 27  
1954   2 -23   0.3  10.140157                 
1954   5 -12   0.4  10.140167  W7IUV DN07 35  
2004   2 -21   0.3  10.140157  TF3HZ HP94 27  
2008  11   0   0.4  10.140127  N3TFM EN72 30  
2008   3   6   0.3  10.140141  VE1VDM FN85 23 
2014  11  -6   0.4  10.140128  N3TFM EN72 30  
2014   7   6   0.3  10.140141  VE1VDM FN85 23 
2016   5  -5   0.4  10.140127  N3TFM EN72 30  
2016   2   3   0.6  10.140178  GI8HXY IO64 37 
2018   1 -27   0.8  10.140138  K7EK CN87 37   
2018   9   1   0.4  10.140163  W8LIW EN81 27  
2020   5 -30   0.8  10.140138                 
2022  13  -3   0.4  10.140127  N3TFM EN72 30  
2022   5 -14   0.3  10.140167  W7IUV DN07 35  

 Wed Mar 19 20:27:54 2008 UTC
 UTC Sync dB    DT     Freq    Message          
------------------------------------------------
2028   2 -17   0.4  10.140157  TF3HZ HP94 27  
2028  10 -12   0.4  10.140165  W7IUV DN07 35  
2032   5  -3   0.7  10.140182  GI8HXY IO64 37 
2034   1 -27   1.1  10.140138                 
2034   4   5   0.6  10.140182  GI8HXY IO64 37 
2036   8  -5   0.4  10.140127  N3TFM EN72 30  
2036   8 -12   0.4  10.140147  OZ1PIF JO65 30 
2036   1 -19   0.4  10.140157                 
2036   9   3   0.4  10.140182  GI8HXY IO64 37 
2040   3 -27   0.4  10.140114                 
2040   2  -3  -0.4  10.140157  W9SE EN50 27   
2042   8 -12   0.4  10.140165  W7IUV DN07 35  
2044   6 -22   0.8  10.140137  K7EK CN87 37   

 Wed Mar 19 20:47:34 2008 UTC
 UTC Sync dB    DT     Freq    Message          
------------------------------------------------
2048   3  -9   0.4  10.140147  OZ1PIF JO65 30 
2050   4   3   0.3  10.140141  VE1VDM FN85 23 
2052  12  -3   0.4  10.140128  N3TFM EN72 30  
2054   1 -29   0.3  10.140113                 
2054   5   4   0.4  10.140181  GI8HXY IO64 37 
2056   1 -23   0.4  10.140113                 
2056   8   2   0.3  10.140141  VE1VDM FN85 23 
2058  11  -3   0.4  10.140127  N3TFM EN72 30  
2058   6 -19   0.8  10.140137                 
2102   4 -22   0.4  10.140113  WB3ANQ FM19 28 
2102   3 -12   0.5  10.140167  W7IUV DN07 35  
2104  13  -2   0.4  10.140127  N3TFM EN72 30  
2104   8   1   0.3  10.140141  VE1VDM FN85 23 

 Wed Mar 19 21:07:34 2008 UTC
 UTC Sync dB    DT     Freq    Message          
------------------------------------------------
2108   4  -3   0.4  10.140127  N3TFM EN72 30  
2110   8   1   0.3  10.140141  VE1VDM FN85 23 
2112   3 -23   0.3  10.140112                 
2112   6  -5   0.4  10.140127  N3TFM EN72 30  
2114   9 -24   0.3  10.140064                 

 Wed Mar 19 21:16:37 2008 UTC
 UTC Sync dB    DT     Freq    Message          
------------------------------------------------
2118   7 -18   0.3  10.140146  OZ1PIF JO65 30 
2118   1  -1   0.6  10.140178  GI8HXY IO64 37 
2120   5  -4   0.7  10.140179  GI8HXY IO64 37 
2122   8 -10   0.4  10.140127  N3TFM EN72 30  
2122   3 -26   0.1  10.140163                 
2124   7 -12   0.3  10.140147  OZ1PIF JO65 30 
2124   6 -14   0.4  10.140166  W7IUV DN07 35  
2128   6 -14   0.4  10.140147  OZ1PIF JO65 30 
2130  12  -4   0.4  10.140127  N3TFM EN72 30  
2132   5 -12   0.6  10.140157  TF3HZ HP94 35  
2134   1 -23   0.3  10.140113  WB3ANQ FM19 28 
2136   8 -13   0.4  10.140166  W7IUV DN07 35  
2136   2  -5   0.5  10.140176  GI8HXY IO64 37 
2138   2 -13   0.4  10.140109  G0NBD IO83 35  
2140   8  -4   0.5  10.140128  N3TFM EN72 30  
2140   2 -15   0.4  10.140157  TF3HZ HP94 35  
2142   7 -16   0.4  10.140157  TF3HZ HP94 35  
2144   4 -24   0.3  10.140112  WB3ANQ FM19 28 
2144   9  -6   0.3  10.140141  VE1VDM FN85 23 
2144   3 -15   0.4  10.140166  W7IUV DN07 35  
2146   7 -23   0.3  10.140064  VE6OG DO33 36  
2146   5  -9   0.3  10.140141  VE1VDM FN85 23 
2146   1 -17   0.4  10.140157  TF3HZ HP94 35  
2148   8   1   0.2  10.140141  VE1VDM FN85 23 
2148   2 -18   0.1  10.140162  W8LIW EN81 27  
2150   6 -17   0.4  10.140112  WB3ANQ FM19 28 
2150  14   1   0.3  10.140141  VE1VDM FN85 23 
2150   5 -14   0.4  10.140157  TF3HZ HP94 35  
2152   2 -19   0.4  10.140108  G0NBD IO83 35  
2154  13 -18   0.4  10.140108  G0NBD IO83 35  
2154  10   3   0.4  10.140141  VE1VDM FN85 23 
2154   6 -10   0.4  10.140164  W7IUV DN07 35  
2156   9  -1   0.4  10.140128  N3TFM EN72 30  
2156   4   2   0.3  10.140141  VE1VDM FN85 23 
2158  13  -1   0.4  10.140127  N3TFM EN72 30  
2158   8   3   0.2  10.140141  VE1VDM FN85 23 
2200  13   1   0.5  10.140127  N3TFM EN72 30  
2202   1  -8   0.4  10.140107  G0NBD IO83 35  
2202   8  -2   0.4  10.140126  N3TFM EN72 30  
2204   6 -16   0.4  10.140164  W7IUV DN07 35  
2206   5 -16   0.4  10.140107  G0NBD IO83 35  
2210   3 -19   0.4  10.140106  G0NBD IO83 35  
2210  12 -12   0.4  10.140127  N3TFM EN72 30  
2212   7 -11   0.4  10.140127  N3TFM EN72 30  

 Wed Mar 19 22:15:16 2008 UTC
 UTC Sync dB    DT     Freq    Message          
------------------------------------------------
2216   2 -25   0.3  10.140111  WB3ANQ FM19 28 
2216   4 -11   0.4  10.140165                 
2218   2 -11   0.4  10.140106  G0NBD IO83 35  
2218   2 -19   0.4  10.140127  N3TFM EN72 30  
2218   9   3   0.3  10.140141  VE1VDM FN85 23 
2220   6   2   0.3  10.140141  VE1VDM FN85 23 
2220   6  -5   0.4  10.140151  NC5O EM12 27   

 Wed Mar 19 22:22:39 2008 UTC
 UTC Sync dB    DT     Freq    Message          
------------------------------------------------
2226   4  -9   0.4  10.140154  TF3HZ HP94 35  
2228   3 -11   0.4  10.140154  TF3HZ HP94 35  
2228   3 -17   0.4  10.140162  W8LIW EN81 27  
2230   1 -18   0.1  10.140112  WB3ANQ FM19 28 
2230  10  -8   0.3  10.140165  W7IUV DN07 35  
2232   6 -16   0.3  10.140064  VE6OG DO33 36  
2232   7 -21   0.8  10.140137  K7EK CN87 37   
2234   5 -15   0.3  10.140106  KA3BPN FN11 37 
2236   3 -12   0.3  10.140065  VE6OG DO33 36  
2236   6   0   0.4  10.140151  NC5O EM12 27   
2240   2  -8   0.3  10.140157  TF3HZ HP94 35  
2244   8 -17   0.1  10.140112  WB3ANQ FM19 28 
2244   3   2   0.3  10.140151  NC5O EM12 27   
2246  16   4   0.3  10.140141  VE1VDM FN85 23 
2246   8   0   0.3  10.140151  NC5O EM12 27   
2248   8 -16   0.3  10.140106  KA3BPN FN11 37 
2250   5 -19   0.3  10.140064  VE6OG DO33 36  
2250   6   2   0.3  10.140151  NC5O EM12 27   
2252   7 -18   0.3  10.140106  KA3BPN FN11 37 
2252  15   2   0.3  10.140151  NC5O EM12 27   
2254  12   5   0.3  10.140141  VE1VDM FN85 23 
2254   5 -10   1.0  10.140157  TF3HZ HP94 35  
2254   1 -25   1.4  10.140177                 
2256   3   4   0.3  10.140141  VE1VDM FN85 23 
2256   3 -11   0.4  10.140157  TF3HZ HP94 35  
2258   6 -11   0.7  10.140157  TF3HZ HP94 35  
2300   3   8   0.2  10.140141  VE1VDM FN85 23 
2302   1 -11   0.7  10.140157  TF3HZ HP94 35  
2304   5   1   0.4  10.140151  NC5O EM12 27   
2306   3 -17   0.3  10.140106  KA3BPN FN11 37 
2306  13   8   0.3  10.140141  VE1VDM FN85 23 
2306   2 -10   0.8  10.140157  TF3HZ HP94 35  
2308   3 -15   0.3  10.140106  KA3BPN FN11 37 
2312   7   8   0.3  10.140141  VE1VDM FN85 23 
2314   3 -15   0.3  10.140106  KA3BPN FN11 37 
2316  11   6   0.3  10.140151  NC5O EM12 27   
2316   5  -9   0.4  10.140167  W7IUV DN07 35  
2318   1 -17   0.2  10.140106  KA3BPN FN11 37 
2318  13   8   0.4  10.140141  VE1VDM FN85 23 
2318   4  -9   0.4  10.140169  W7IUV DN07 35  
2320   5 -15   0.3  10.140106  KA3BPN FN11 37 
2320   6 -20   0.8  10.140137  K7EK CN87 37   
2322   7   2   0.4  10.140151  NC5O EM12 27   
2324  10   2   0.4  10.140151  NC5O EM12 27   
2326   2   4   0.3  10.140151  NC5O EM12 27   
2328   7 -15   0.3  10.140106  KA3BPN FN11 37 
2330   2 -19   0.1  10.140113  WB3ANQ FM19 28 
2330   2   5   0.2  10.140141  VE1VDM FN85 23 
2330  12  -6   0.4  10.140164  W7IUV DN07 35  
2332  10 -16   0.3  10.140106  KA3BPN FN11 37 
2334   3 -19   0.2  10.140111  WB3ANQ FM19 28 
2334   3  -7   0.4  10.140169  W7IUV DN07 35  
2336   2 -26   0.3  10.140064                 
2336   5   5   0.3  10.140151  NC5O EM12 27   
2340   9   3   0.3  10.140151  NC5O EM12 27   
2340   6 -18   0.3  10.140174  WD4KPD FM15 30 
2344   5 -18   0.1  10.140112  WB3ANQ FM19 28 
2344   5 -16   0.4  10.140163  W8LIW EN81 27  
2346   3   0   0.3  10.140109  WB2JEP FM29 10 
2352   7   2   0.4  10.140151  NC5O EM12 27   
2352   3  -7   0.4  10.140164  W7IUV DN07 35  
2354   1 -16   0.1  10.140162  W8LIW EN81 27  
2356   4 -10   0.6  10.140109  WB2JEP FM29 20 
2358   4 -11   0.4  10.140109  WB2JEP FM29 20 
2358   3 -14   0.8  10.140138  K7EK CN87 37   
2358   7   6   0.3  10.140151  NC5O EM12 27   
2358   3  -2   0.5  10.140163  W7IUV DN07 35  
0000   5 -14   0.8  10.140138  K7EK CN87 37   
0000   6   7   0.3  10.140151  NC5O EM12 27   
0002   3 -11   0.5  10.140109  WB2JEP FM29 20 
0002   4  -1   0.4  10.140165  W7IUV DN07 35  
0006  11 -16   0.7  10.140138  K7EK CN87 37   
0006  10  -8   0.4  10.140166  W7IUV DN07 35  
0008   2 -25   0.3  10.140112  WB3ANQ FM19 28 
0008   5   3   0.4  10.140151  NC5O EM12 27   
0010   6   5   0.4  10.140151  NC5O EM12 27   
0012   3 -10   0.4  10.140163  W7IUV DN07 35  
0014   1 -24   0.0  10.140112  WB3ANQ FM19 28 
0016   7   4   0.4  10.140151  NC5O EM12 27   
0020   4 -18  -0.3  10.140106  KA3BPN FN11 37 
0020   3   5   0.3  10.140150  NC5O EM12 27   
0022   1 -25   0.1  10.140112                 
0024   3 -13   0.7  10.140138  K7EK CN87 37   
0026   9 -10   0.4  10.140165  W7IUV DN07 35  
0028   5 -20   0.4  10.140162  W8LIW EN81 27  
0030   5 -17   0.4  10.140150  VE7TIL CN89 30 
0034   3 -15   0.5  10.140146  N5UKZ EM40 37  
0034   1 -19   0.3  10.140162  W8LIW EN81 27  
0036   4  -5   0.4  10.140164  W7IUV DN07 35  
0038   1 -26   0.0  10.140112  WB3ANQ FM19 27 
0044  11  -5   0.4  10.140164  W7IUV DN07 35  
0046   7  -6   0.8  10.140138  K7EK CN87 37   
0046   6 -20   0.4  10.140162  W8LIW EN81 27  
0048   5 -14   0.4  10.140150  VE7TIL CN89 30 
0050   1  12  -0.3  10.140157                 
0052   1  13  -0.7  10.140157                 
0056   2  13  -1.0  10.140157                 
0058   1 -22   0.3  10.140110                 
0058   4  12  -0.3  10.140157  W9SE EN50 33   
0100   7  -9   0.8  10.140138  K7EK CN87 37   
0100   3   5  -0.1  10.140185                 
0108   3  13  -0.6  10.140157                 
0110   1 -12   0.9  10.140137  K7EK CN87 37   
0110   5  12  -0.7  10.140157                 
0112   3 -20   0.3  10.140109  WB2JEP FM29 20 
0112   4 -10   0.9  10.140137  K7EK CN87 37   
0114   2 -25   1.8  10.140122  K3UK FN02 37   
0116   3 -13   0.8  10.140138  K7EK CN87 37   
0116   3  -2  -0.5  10.140183                 

 Thu Mar 20 01:20:24 2008 UTC
 UTC Sync dB    DT     Freq    Message          
------------------------------------------------
0122   4 -21   0.4  10.140109  WB2JEP FM29 20 
0122  14  -3   0.3  10.140151  NC5O EM12 27   
0126   3 -23   0.3  10.140109                 
0126  15   0   0.3  10.140151  NC5O EM12 27   
0132  13  -9   0.7  10.140138  K7EK CN87 37   

 Thu Mar 20 01:39:43 2008 UTC
 UTC Sync dB    DT     Freq    Message          
------------------------------------------------
0142   6 -15   1.1  10.140091  KE7ACY CN94 37 
0142   3  -9   0.4  10.140147                 
0142   2   6  -0.5  10.140187                 
0146  10 -13   1.1  10.140091  KE7ACY CN94 37 
0146   8  -8   0.8  10.140138  K7EK CN87 37   
0146   3  -1  -0.1  10.140187                 
0148   4  -6   1.1  10.140091  KE7ACY CN94 37 
0148   1 -24   0.3  10.140163  W8LIW EN81 27  
0150   8 -11   1.1  10.140091  KE7ACY CN94 37 
0150   7 -14   0.9  10.140138  K7EK CN87 37   
0150  16   1   0.3  10.140152  NC5O EM12 27   
0156   1 -10  -0.1  10.140182                 
0200   4 -20   0.4  10.140152  VE7TIL CN89 30 
0206   5   1   0.5  10.140150  VE3CDX DM26 30 
0208   4   0   0.4  10.140150  VE3CDX DM26 30 

 Thu Mar 20 02:10:12 2008 UTC
 UTC Sync dB    DT     Freq    Message          
------------------------------------------------
0212   3 -23   0.4  10.140109                 
0212   8  -7   0.9  10.140138  K7EK CN87 37   
0214   5   1   0.5  10.140150  VE3CDX DM26 30 
0222  12  -8   1.1  10.140091  KE7ACY CN94 37 
0222   7  -2   0.5  10.140150  VE3CDX DM26 30 
0222   2   1  -0.3  10.140183                 
0232   6 -10   1.2  10.140091  KE7ACY CN94 37 
0234   2 -24   0.3  10.140109  WB2JEP FM29 2  
0234   6 -17   0.8  10.140138  K7EK CN87 37   
0234   1   8  -0.6  10.140182                 
0236  11 -16   1.1  10.140090  KE7ACY CN94 37 
0252  14   8   0.3  10.140152  NC5O EM12 27   
0316   3 -17  -0.1  10.140182                 
0346   4   1  -0.3  10.140188                 
0356   2 -22   0.3  10.140109  WB2JEP FM29 2  
1006   2 -25   0.4  10.140147  OZ1PIF JO65 30 
1010   5 -24   0.4  10.140147  OZ1PIF JO65 30 
1022   6 -25   0.5  10.140147  OZ1PIF JO65 30 
1026   3 -25   0.3  10.140147  OZ1PIF JO65 30 
1034   3 -16   1.0  10.140098  ZL1ANY RF74 36 
1034   5 -16   0.4  10.140147  OZ1PIF JO65 30 
1036   6 -15   0.7  10.140163  TF3HZ HP94 30  
1040   6 -15   0.4  10.140163  TF3HZ HP94 30  
1054  11 -18   0.5  10.140163  TF3HZ HP94 30  
1104   7 -21   0.4  10.140147  OZ1PIF JO65 30 
1108   9 -15   1.1  10.140100  ZL1ANY RF74 36 
1108  11 -23   0.4  10.140147  OZ1PIF JO65 30 
1110   5 -15   1.1  10.140101  ZL1ANY RF74 36 
1120   7 -16   1.1  10.140105  ZL1ANY RF74 36 
1120   1 -20   0.4  10.140147  OZ1PIF JO65 30 
1124   3 -24   0.4  10.140163  W8LIW EN81 27  

 Thu Mar 20 12:10:24 2008 UTC
 UTC Sync dB    DT     Freq    Message          
------------------------------------------------
1216   5 -26   0.1  10.140100  K1JT FN20 30   

 Thu Mar 20 12:17:57 2008 UTC
 UTC Sync dB    DT     Freq    Message          
------------------------------------------------
1218   6 -26   0.4  10.140100  K1JT FN20 30   
1220   4 -26   0.3  10.140100  K1JT FN20 30   
1222   5 -26   0.4  10.140100  K1JT FN20 30   
