  -25.6   1.000  -9.966 1.000000 0.000000
  -25.4   1.000  -9.966 1.000000 0.000000
  -25.2   1.000  -9.966 1.000000 0.000000
  -25.0   1.000  -9.966 1.000000 0.000000
  -24.8   1.000  -9.966 1.000000 0.000000
  -24.6   1.000  -9.966 1.000000 0.000000
  -24.4   1.000  -9.966 1.000000 0.000000
  -24.2   1.000  -9.966 1.000000 0.000000
  -24.0   1.000  -9.966 1.000000 0.000000
  -23.8   1.000  -9.966 1.000000 0.000000
  -23.6   1.000  -9.966 1.000000 0.000000
  -23.4   1.000  -9.966 1.000000 0.000000
  -23.2   1.000  -9.966 1.000000 0.000000
  -23.0   1.000  -9.966 1.000000 0.000000
  -22.8   1.000  -9.966 1.000000 0.000000
  -22.6   1.000  -9.966 1.000000 0.000000
  -22.4   1.000  -9.966 1.000000 0.000000
  -22.2   1.000  -9.966 1.000000 0.000000
  -22.0   1.000  -9.966 1.000000 0.000000
  -21.8   1.000  -9.966 1.000000 0.000000
  -21.6   1.000  -9.966 1.000000 0.000000
  -21.4   1.000  -9.966 1.000000 0.000000
  -21.2   1.000  -9.966 1.000000 0.000000
  -21.0   1.000  -9.966 1.000000 0.000000
  -20.8   1.000  -9.966 1.000000 0.000000
  -20.6   1.000  -9.966 1.000000 0.000000
  -20.4   1.000  -9.966 1.000000 0.000000
  -20.2   1.000  -9.966 1.000000 0.000000
  -20.0   1.000  -9.966 1.000000 0.000000
  -19.8   1.000  -9.966 1.000000 0.000000
  -19.6   1.000  -9.966 1.000000 0.000000
  -19.4   1.000  -9.966 1.000000 0.000000
  -19.2   1.000  -9.966 1.000000 0.000000
  -19.0   1.000  -9.966 1.000000 0.000000
  -18.8   1.000  -9.966 1.000000 0.000000
  -18.6   1.000  -9.966 1.000000 0.000000
  -18.4   1.000  -9.966 1.000000 0.000000
  -18.2   1.000  -9.966 1.000000 0.000000
  -18.0   1.000  -9.966 1.000000 0.000000
  -17.8   1.000  -9.966 1.000000 0.000000
  -17.6   1.000  -9.966 1.000000 0.000000
  -17.4   1.000  -9.966 1.000000 0.000000
  -17.2   1.000  -9.966 1.000000 0.000000
  -17.0   1.000  -9.966 1.000000 0.000000
  -16.8   1.000  -9.966 1.000000 0.000000
  -16.6   1.000  -9.966 1.000000 0.000000
  -16.4   1.000  -9.966 1.000000 0.000000
  -16.2   1.000  -9.966 1.000000 0.000000
  -16.0   1.000  -9.966 1.000000 0.000000
  -15.8   1.000  -9.966 1.000000 0.000000
  -15.6   0.988  -5.858 0.991379 0.008621
  -15.4   1.000  -9.966 1.000000 0.000000
  -15.2   1.000  -9.966 1.000000 0.000000
  -15.0   1.000  -9.966 1.000000 0.000000
  -14.8   0.992  -6.531 0.994595 0.005405
  -14.6   1.000  -9.966 1.000000 0.000000
  -14.4   1.000  -9.966 1.000000 0.000000
  -14.2   1.000  -9.966 1.000000 0.000000
  -14.0   0.986  -5.663 0.990132 0.009868
  -13.8   1.000  -9.966 1.000000 0.000000
  -13.6   1.000  -9.966 1.000000 0.000000
  -13.4   1.000  -9.966 1.000000 0.000000
  -13.2   0.998  -8.217 0.998319 0.001681
  -13.0   0.996  -7.453 0.997147 0.002853
  -12.8   0.996  -7.424 0.997089 0.002911
  -12.6   1.000  -9.966 1.000000 0.000000
  -12.4   0.996  -7.366 0.996970 0.003030
  -12.2   0.999  -9.082 0.999077 0.000923
  -12.0   0.991  -6.356 0.993898 0.006102
  -11.8   0.994  -6.872 0.995733 0.004267
  -11.6   0.999  -9.687 0.999393 0.000607
  -11.4   0.995  -7.271 0.996762 0.003238
  -11.2   0.997  -8.069 0.998138 0.001862
  -11.0   0.996  -7.451 0.997142 0.002858
  -10.8   0.997  -8.106 0.998186 0.001814
  -10.6   0.998  -8.359 0.998477 0.001523
  -10.4   0.995  -7.041 0.996203 0.003797
  -10.2   0.995  -7.186 0.996566 0.003434
  -10.0   0.993  -6.641 0.994989 0.005011
   -9.8   0.993  -6.770 0.995420 0.004580
   -9.6   0.995  -7.075 0.996292 0.003708
   -9.4   0.993  -6.643 0.994999 0.005001
   -9.2   0.993  -6.647 0.995010 0.004990
   -9.0   0.993  -6.654 0.995034 0.004966
   -8.8   0.992  -6.474 0.994377 0.005623
   -8.6   0.988  -5.874 0.991476 0.008524
   -8.4   0.988  -5.886 0.991545 0.008455
   -8.2   0.988  -5.973 0.992042 0.007958
   -8.0   0.986  -5.659 0.990105 0.009895
   -7.8   0.987  -5.825 0.991179 0.008821
   -7.6   0.986  -5.675 0.990213 0.009787
   -7.4   0.983  -5.379 0.987982 0.012018
   -7.2   0.982  -5.319 0.987473 0.012528
   -7.0   0.979  -5.132 0.985743 0.014257
   -6.8   0.979  -5.079 0.985208 0.014792
   -6.6   0.976  -4.893 0.983171 0.016830
   -6.4   0.974  -4.815 0.982236 0.017764
   -6.2   0.973  -4.768 0.981652 0.018348
   -6.0   0.969  -4.567 0.978908 0.021092
   -5.8   0.965  -4.398 0.976282 0.023718
   -5.6   0.962  -4.267 0.974026 0.025974
   -5.4   0.959  -4.171 0.972234 0.027766
   -5.2   0.954  -4.006 0.968880 0.031120
   -5.0   0.950  -3.881 0.966065 0.033935
   -4.8   0.945  -3.748 0.962781 0.037219
   -4.6   0.940  -3.623 0.959431 0.040569
   -4.4   0.934  -3.492 0.955564 0.044435
   -4.2   0.928  -3.362 0.951378 0.048622
   -4.0   0.920  -3.212 0.946060 0.053940
   -3.8   0.910  -3.046 0.939479 0.060521
   -3.6   0.900  -2.902 0.933126 0.066874
   -3.4   0.890  -2.762 0.926310 0.073690
   -3.2   0.876  -2.605 0.917835 0.082165
   -3.0   0.861  -2.442 0.907970 0.092030
   -2.8   0.845  -2.295 0.898121 0.101879
   -2.6   0.826  -2.139 0.886453 0.113547
   -2.4   0.805  -1.983 0.873480 0.126519
   -2.2   0.779  -1.817 0.858118 0.141882
   -2.0   0.750  -1.650 0.840700 0.159300
   -1.8   0.718  -1.494 0.822428 0.177572
   -1.6   0.678  -1.322 0.800024 0.199976
   -1.4   0.635  -1.163 0.776677 0.223323
   -1.2   0.582  -0.992 0.748660 0.251340
   -1.0   0.519  -0.818 0.716415 0.283585
   -0.8   0.449  -0.655 0.682522 0.317478
   -0.6   0.363  -0.486 0.642994 0.357006
   -0.4   0.263  -0.321 0.599792 0.400208
   -0.2   0.145  -0.161 0.552749 0.447251
    0.0   0.000   0.000 0.500000 0.500000
    0.2  -0.161   0.145 0.447251 0.552749
    0.4  -0.321   0.263 0.400208 0.599792
    0.6  -0.486   0.363 0.357006 0.642994
    0.8  -0.655   0.449 0.317478 0.682522
    1.0  -0.818   0.519 0.283585 0.716415
    1.2  -0.992   0.582 0.251340 0.748660
    1.4  -1.163   0.635 0.223323 0.776677
    1.6  -1.322   0.678 0.199976 0.800024
    1.8  -1.494   0.718 0.177572 0.822428
    2.0  -1.650   0.750 0.159300 0.840700
    2.2  -1.817   0.779 0.141882 0.858118
    2.4  -1.983   0.805 0.126519 0.873480
    2.6  -2.139   0.826 0.113547 0.886453
    2.8  -2.295   0.845 0.101879 0.898121
    3.0  -2.442   0.861 0.092030 0.907970
    3.2  -2.605   0.876 0.082165 0.917835
    3.4  -2.762   0.890 0.073690 0.926310
    3.6  -2.902   0.900 0.066874 0.933126
    3.8  -3.046   0.910 0.060521 0.939479
    4.0  -3.212   0.920 0.053940 0.946060
    4.2  -3.362   0.928 0.048622 0.951378
    4.4  -3.492   0.934 0.044435 0.955564
    4.6  -3.623   0.940 0.040569 0.959431
    4.8  -3.748   0.945 0.037219 0.962781
    5.0  -3.881   0.950 0.033935 0.966065
    5.2  -4.006   0.954 0.031120 0.968880
    5.4  -4.171   0.959 0.027766 0.972234
    5.6  -4.267   0.962 0.025974 0.974026
    5.8  -4.398   0.965 0.023718 0.976282
    6.0  -4.567   0.969 0.021092 0.978908
    6.2  -4.768   0.973 0.018348 0.981652
    6.4  -4.815   0.974 0.017764 0.982236
    6.6  -4.893   0.976 0.016830 0.983170
    6.8  -5.079   0.979 0.014792 0.985208
    7.0  -5.132   0.979 0.014257 0.985743
    7.2  -5.319   0.982 0.012528 0.987472
    7.4  -5.379   0.983 0.012018 0.987982
    7.6  -5.675   0.986 0.009787 0.990213
    7.8  -5.825   0.987 0.008821 0.991179
    8.0  -5.659   0.986 0.009895 0.990105
    8.2  -5.973   0.988 0.007958 0.992042
    8.4  -5.886   0.988 0.008455 0.991545
    8.6  -5.874   0.988 0.008524 0.991476
    8.8  -6.474   0.992 0.005623 0.994377
    9.0  -6.654   0.993 0.004966 0.995034
    9.2  -6.647   0.993 0.004990 0.995010
    9.4  -6.643   0.993 0.005001 0.994999
    9.6  -7.075   0.995 0.003708 0.996292
    9.8  -6.770   0.993 0.004580 0.995420
   10.0  -6.641   0.993 0.005011 0.994989
   10.2  -7.186   0.995 0.003434 0.996566
   10.4  -7.041   0.995 0.003797 0.996203
   10.6  -8.359   0.998 0.001523 0.998477
   10.8  -8.106   0.997 0.001814 0.998186
   11.0  -7.451   0.996 0.002858 0.997142
   11.2  -8.069   0.997 0.001862 0.998138
   11.4  -7.271   0.995 0.003238 0.996762
   11.6  -9.687   0.999 0.000607 0.999393
   11.8  -6.872   0.994 0.004267 0.995733
   12.0  -6.356   0.991 0.006102 0.993898
   12.2  -9.082   0.999 0.000923 0.999077
   12.4  -7.366   0.996 0.003030 0.996970
   12.6  -9.966   1.000 0.000000 1.000000
   12.8  -7.424   0.996 0.002911 0.997089
   13.0  -7.453   0.996 0.002853 0.997147
   13.2  -8.217   0.998 0.001681 0.998319
   13.4  -9.966   1.000 0.000000 1.000000
   13.6  -9.966   1.000 0.000000 1.000000
   13.8  -9.966   1.000 0.000000 1.000000
   14.0  -5.663   0.986 0.009868 0.990132
   14.2  -9.966   1.000 0.000000 1.000000
   14.4  -9.966   1.000 0.000000 1.000000
   14.6  -9.966   1.000 0.000000 1.000000
   14.8  -6.531   0.992 0.005405 0.994595
   15.0  -9.966   1.000 0.000000 1.000000
   15.2  -9.966   1.000 0.000000 1.000000
   15.4  -9.966   1.000 0.000000 1.000000
   15.6  -5.858   0.988 0.008621 0.991379
   15.8  -9.966   1.000 0.000000 1.000000
   16.0  -9.966   1.000 0.000000 1.000000
   16.2  -9.966   1.000 0.000000 1.000000
   16.4  -9.966   1.000 0.000000 1.000000
   16.6  -9.966   1.000 0.000000 1.000000
   16.8  -9.966   1.000 0.000000 1.000000
   17.0  -9.966   1.000 0.000000 1.000000
   17.2  -9.966   1.000 0.000000 1.000000
   17.4  -9.966   1.000 0.000000 1.000000
   17.6  -9.966   1.000 0.000000 1.000000
   17.8  -9.966   1.000 0.000000 1.000000
   18.0  -9.966   1.000 0.000000 1.000000
   18.2  -9.966   1.000 0.000000 1.000000
   18.4  -9.966   1.000 0.000000 1.000000
   18.6  -9.966   1.000 0.000000 1.000000
   18.8  -9.966   1.000 0.000000 1.000000
   19.0  -9.966   1.000 0.000000 1.000000
   19.2  -9.966   1.000 0.000000 1.000000
   19.4  -9.966   1.000 0.000000 1.000000
   19.6  -9.966   1.000 0.000000 1.000000
   19.8  -9.966   1.000 0.000000 1.000000
   20.0  -9.966   1.000 0.000000 1.000000
   20.2  -9.966   1.000 0.000000 1.000000
   20.4  -9.966   1.000 0.000000 1.000000
   20.6  -9.966   1.000 0.000000 1.000000
   20.8  -9.966   1.000 0.000000 1.000000
   21.0  -9.966   1.000 0.000000 1.000000
   21.2  -9.966   1.000 0.000000 1.000000
   21.4  -9.966   1.000 0.000000 1.000000
   21.6  -9.966   1.000 0.000000 1.000000
   21.8  -9.966   1.000 0.000000 1.000000
   22.0  -9.966   1.000 0.000000 1.000000
   22.2  -9.966   1.000 0.000000 1.000000
   22.4  -9.966   1.000 0.000000 1.000000
   22.6  -9.966   1.000 0.000000 1.000000
   22.8  -9.966   1.000 0.000000 1.000000
   23.0  -9.966   1.000 0.000000 1.000000
   23.2  -9.966   1.000 0.000000 1.000000
   23.4  -9.966   1.000 0.000000 1.000000
   23.6  -9.966   1.000 0.000000 1.000000
   23.8  -9.966   1.000 0.000000 1.000000
   24.0  -9.966   1.000 0.000000 1.000000
   24.2  -9.966   1.000 0.000000 1.000000
   24.4  -9.966   1.000 0.000000 1.000000
   24.6  -9.966   1.000 0.000000 1.000000
   24.8  -9.966   1.000 0.000000 1.000000
   25.0  -9.966   1.000 0.000000 1.000000
   25.2  -9.966   1.000 0.000000 1.000000
   25.4  -9.966   1.000 0.000000 1.000000
