  -25.6   1.000  -9.966 1.000000 0.000000
  -25.4   1.000  -9.966 1.000000 0.000000
  -25.2   1.000  -9.966 1.000000 0.000000
  -25.0   1.000  -9.966 1.000000 0.000000
  -24.8   1.000  -9.966 1.000000 0.000000
  -24.6   1.000  -9.966 1.000000 0.000000
  -24.4   1.000  -9.966 1.000000 0.000000
  -24.2   1.000  -9.966 1.000000 0.000000
  -24.0   1.000  -9.966 1.000000 0.000000
  -23.8   1.000  -9.966 1.000000 0.000000
  -23.6   1.000  -9.966 1.000000 0.000000
  -23.4   1.000  -9.966 1.000000 0.000000
  -23.2   1.000  -9.966 1.000000 0.000000
  -23.0   1.000  -9.966 1.000000 0.000000
  -22.8   1.000  -9.966 1.000000 0.000000
  -22.6   1.000  -9.966 1.000000 0.000000
  -22.4   1.000  -9.966 1.000000 0.000000
  -22.2   1.000  -9.966 1.000000 0.000000
  -22.0   1.000  -9.966 1.000000 0.000000
  -21.8   1.000  -9.966 1.000000 0.000000
  -21.6   1.000  -9.966 1.000000 0.000000
  -21.4   1.000  -9.966 1.000000 0.000000
  -21.2   1.000  -9.966 1.000000 0.000000
  -21.0   1.000  -9.966 1.000000 0.000000
  -20.8   1.000  -9.966 1.000000 0.000000
  -20.6   1.000  -9.966 1.000000 0.000000
  -20.4   1.000  -9.966 1.000000 0.000000
  -20.2   1.000  -9.966 1.000000 0.000000
  -20.0   1.000  -9.966 1.000000 0.000000
  -19.8   1.000  -9.966 1.000000 0.000000
  -19.6   1.000  -9.966 1.000000 0.000000
  -19.4   1.000  -9.966 1.000000 0.000000
  -19.2   1.000  -9.966 1.000000 0.000000
  -19.0   1.000  -9.966 1.000000 0.000000
  -18.8   1.000  -9.966 1.000000 0.000000
  -18.6   1.000  -9.966 1.000000 0.000000
  -18.4   1.000  -9.966 1.000000 0.000000
  -18.2   1.000  -9.966 1.000000 0.000000
  -18.0   1.000  -9.966 1.000000 0.000000
  -17.8   1.000  -9.966 1.000000 0.000000
  -17.6   1.000  -9.966 1.000000 0.000000
  -17.4   1.000  -9.966 1.000000 0.000000
  -17.2   1.000  -9.966 1.000000 0.000000
  -17.0   1.000  -9.966 1.000000 0.000000
  -16.8   1.000  -9.966 1.000000 0.000000
  -16.6   1.000  -9.966 1.000000 0.000000
  -16.4   1.000  -9.966 1.000000 0.000000
  -16.2   1.000  -9.966 1.000000 0.000000
  -16.0   1.000  -9.966 1.000000 0.000000
  -15.8   0.957  -4.077 0.970370 0.029630
  -15.6   1.000  -9.966 1.000000 0.000000
  -15.4   0.958  -4.129 0.971429 0.028571
  -15.2   0.974  -4.781 0.981818 0.018182
  -15.0   0.985  -5.615 0.989796 0.010204
  -14.8   1.000  -9.966 1.000000 0.000000
  -14.6   0.992  -6.512 0.994521 0.005479
  -14.4   0.992  -6.574 0.994751 0.005249
  -14.2   0.989  -6.087 0.992647 0.007353
  -14.0   0.991  -6.352 0.993878 0.006122
  -13.8   0.994  -6.934 0.995910 0.004090
  -13.6   0.989  -5.989 0.992126 0.007874
  -13.4   0.989  -6.060 0.992504 0.007496
  -13.2   0.983  -5.415 0.988281 0.011719
  -13.0   0.991  -6.304 0.993671 0.006329
  -12.8   0.987  -5.748 0.990698 0.009302
  -12.6   0.989  -6.100 0.992713 0.007287
  -12.4   0.984  -5.526 0.989153 0.010847
  -12.2   0.963  -4.320 0.974967 0.025033
  -12.0   0.977  -5.002 0.984400 0.015600
  -11.8   0.978  -5.023 0.984623 0.015377
  -11.6   0.982  -5.324 0.987520 0.012480
  -11.4   0.975  -4.840 0.982548 0.017452
  -11.2   0.969  -4.541 0.978528 0.021472
  -11.0   0.972  -4.724 0.981086 0.018914
  -10.8   0.973  -4.757 0.981503 0.018497
  -10.6   0.964  -4.335 0.975219 0.024781
  -10.4   0.963  -4.315 0.974874 0.025126
  -10.2   0.960  -4.178 0.972378 0.027622
  -10.0   0.960  -4.201 0.972807 0.027193
   -9.8   0.963  -4.286 0.974371 0.025629
   -9.6   0.954  -4.006 0.968869 0.031131
   -9.4   0.946  -3.766 0.963257 0.036743
   -9.2   0.944  -3.707 0.961712 0.038288
   -9.0   0.942  -3.671 0.960743 0.039257
   -8.8   0.942  -3.663 0.960514 0.039486
   -8.6   0.931  -3.414 0.953096 0.046904
   -8.4   0.929  -3.372 0.951715 0.048285
   -8.2   0.920  -3.216 0.946178 0.053822
   -8.0   0.918  -3.181 0.944857 0.055143
   -7.8   0.918  -3.170 0.944448 0.055552
   -7.6   0.903  -2.942 0.934935 0.065065
   -7.4   0.903  -2.941 0.934883 0.065117
   -7.2   0.898  -2.870 0.931606 0.068394
   -7.0   0.885  -2.708 0.923476 0.076524
   -6.8   0.882  -2.665 0.921170 0.078830
   -6.6   0.872  -2.558 0.915101 0.084899
   -6.4   0.860  -2.435 0.907533 0.092467
   -6.2   0.852  -2.354 0.902219 0.097781
   -6.0   0.837  -2.229 0.893346 0.106654
   -5.8   0.829  -2.160 0.888124 0.111876
   -5.6   0.816  -2.062 0.880269 0.119731
   -5.4   0.807  -2.000 0.875031 0.124969
   -5.2   0.795  -1.916 0.867541 0.132459
   -5.0   0.781  -1.826 0.858985 0.141015
   -4.8   0.762  -1.718 0.848063 0.151937
   -4.6   0.748  -1.641 0.839717 0.160283
   -4.4   0.733  -1.566 0.831075 0.168925
   -4.2   0.715  -1.481 0.820855 0.179145
   -4.0   0.697  -1.399 0.810417 0.189583
   -3.8   0.675  -1.310 0.798363 0.201637
   -3.6   0.654  -1.229 0.786695 0.213305
   -3.4   0.634  -1.157 0.775761 0.224238
   -3.2   0.610  -1.078 0.763159 0.236841
   -3.0   0.586  -1.002 0.750365 0.249635
   -2.8   0.559  -0.925 0.736574 0.263426
   -2.6   0.534  -0.857 0.723914 0.276086
   -2.4   0.506  -0.786 0.709969 0.290031
   -2.2   0.477  -0.717 0.695774 0.304226
   -2.0   0.444  -0.644 0.679951 0.320049
   -1.8   0.410  -0.575 0.664387 0.335613
   -1.6   0.376  -0.509 0.648669 0.351331
   -1.4   0.337  -0.440 0.631367 0.368633
   -1.2   0.297  -0.375 0.614401 0.385599
   -1.0   0.254  -0.309 0.596421 0.403579
   -0.8   0.210  -0.245 0.578218 0.421782
   -0.6   0.161  -0.181 0.559076 0.440924
   -0.4   0.110  -0.119 0.539604 0.460396
   -0.2   0.058  -0.060 0.520430 0.479570
    0.0   0.000   0.000 0.500000 0.500000
    0.2  -0.060   0.058 0.479570 0.520430
    0.4  -0.119   0.110 0.460396 0.539604
    0.6  -0.181   0.161 0.440924 0.559076
    0.8  -0.245   0.210 0.421782 0.578218
    1.0  -0.309   0.254 0.403579 0.596421
    1.2  -0.375   0.297 0.385599 0.614401
    1.4  -0.440   0.337 0.368633 0.631367
    1.6  -0.509   0.376 0.351331 0.648669
    1.8  -0.575   0.410 0.335613 0.664387
    2.0  -0.644   0.444 0.320049 0.679951
    2.2  -0.717   0.477 0.304226 0.695774
    2.4  -0.786   0.506 0.290031 0.709969
    2.6  -0.857   0.534 0.276086 0.723914
    2.8  -0.925   0.559 0.263426 0.736574
    3.0  -1.002   0.586 0.249635 0.750365
    3.2  -1.078   0.610 0.236841 0.763159
    3.4  -1.157   0.634 0.224238 0.775762
    3.6  -1.229   0.654 0.213305 0.786695
    3.8  -1.310   0.675 0.201637 0.798363
    4.0  -1.399   0.697 0.189583 0.810417
    4.2  -1.481   0.715 0.179145 0.820855
    4.4  -1.566   0.733 0.168925 0.831075
    4.6  -1.641   0.748 0.160283 0.839717
    4.8  -1.718   0.762 0.151937 0.848063
    5.0  -1.826   0.781 0.141015 0.858985
    5.2  -1.916   0.795 0.132459 0.867541
    5.4  -2.000   0.807 0.124969 0.875031
    5.6  -2.062   0.816 0.119731 0.880269
    5.8  -2.160   0.829 0.111876 0.888124
    6.0  -2.229   0.837 0.106654 0.893346
    6.2  -2.354   0.852 0.097781 0.902219
    6.4  -2.435   0.860 0.092467 0.907533
    6.6  -2.558   0.872 0.084899 0.915101
    6.8  -2.665   0.882 0.078830 0.921170
    7.0  -2.708   0.885 0.076524 0.923476
    7.2  -2.870   0.898 0.068394 0.931606
    7.4  -2.941   0.903 0.065117 0.934883
    7.6  -2.942   0.903 0.065065 0.934935
    7.8  -3.170   0.918 0.055552 0.944448
    8.0  -3.181   0.918 0.055143 0.944857
    8.2  -3.216   0.920 0.053822 0.946178
    8.4  -3.372   0.929 0.048285 0.951715
    8.6  -3.414   0.931 0.046904 0.953096
    8.8  -3.663   0.942 0.039486 0.960514
    9.0  -3.671   0.942 0.039257 0.960743
    9.2  -3.707   0.944 0.038288 0.961712
    9.4  -3.766   0.946 0.036743 0.963257
    9.6  -4.006   0.954 0.031131 0.968869
    9.8  -4.286   0.963 0.025629 0.974371
   10.0  -4.201   0.960 0.027193 0.972807
   10.2  -4.178   0.960 0.027622 0.972378
   10.4  -4.315   0.963 0.025126 0.974874
   10.6  -4.335   0.964 0.024781 0.975219
   10.8  -4.757   0.973 0.018497 0.981503
   11.0  -4.724   0.972 0.018914 0.981086
   11.2  -4.541   0.969 0.021472 0.978528
   11.4  -4.840   0.975 0.017452 0.982548
   11.6  -5.324   0.982 0.012480 0.987519
   11.8  -5.023   0.978 0.015377 0.984623
   12.0  -5.002   0.977 0.015600 0.984400
   12.2  -4.320   0.963 0.025033 0.974967
   12.4  -5.526   0.984 0.010847 0.989152
   12.6  -6.100   0.989 0.007287 0.992713
   12.8  -5.748   0.987 0.009302 0.990698
   13.0  -6.304   0.991 0.006329 0.993671
   13.2  -5.415   0.983 0.011719 0.988281
   13.4  -6.060   0.989 0.007496 0.992504
   13.6  -5.989   0.989 0.007874 0.992126
   13.8  -6.934   0.994 0.004090 0.995910
   14.0  -6.352   0.991 0.006122 0.993878
   14.2  -6.087   0.989 0.007353 0.992647
   14.4  -6.574   0.992 0.005249 0.994751
   14.6  -6.512   0.992 0.005479 0.994521
   14.8  -9.966   1.000 0.000000 1.000000
   15.0  -5.615   0.985 0.010204 0.989796
   15.2  -4.781   0.974 0.018182 0.981818
   15.4  -4.129   0.958 0.028571 0.971429
   15.6  -9.966   1.000 0.000000 1.000000
   15.8  -4.077   0.957 0.029630 0.970370
   16.0  -9.966   1.000 0.000000 1.000000
   16.2  -9.966   1.000 0.000000 1.000000
   16.4  -9.966   1.000 0.000000 1.000000
   16.6  -9.966   1.000 0.000000 1.000000
   16.8  -9.966   1.000 0.000000 1.000000
   17.0  -9.966   1.000 0.000000 1.000000
   17.2  -9.966   1.000 0.000000 1.000000
   17.4  -9.966   1.000 0.000000 1.000000
   17.6  -9.966   1.000 0.000000 1.000000
   17.8  -9.966   1.000 0.000000 1.000000
   18.0  -9.966   1.000 0.000000 1.000000
   18.2  -9.966   1.000 0.000000 1.000000
   18.4  -9.966   1.000 0.000000 1.000000
   18.6  -9.966   1.000 0.000000 1.000000
   18.8  -9.966   1.000 0.000000 1.000000
   19.0  -9.966   1.000 0.000000 1.000000
   19.2  -9.966   1.000 0.000000 1.000000
   19.4  -9.966   1.000 0.000000 1.000000
   19.6  -9.966   1.000 0.000000 1.000000
   19.8  -9.966   1.000 0.000000 1.000000
   20.0  -9.966   1.000 0.000000 1.000000
   20.2  -9.966   1.000 0.000000 1.000000
   20.4  -9.966   1.000 0.000000 1.000000
   20.6  -9.966   1.000 0.000000 1.000000
   20.8  -9.966   1.000 0.000000 1.000000
   21.0  -9.966   1.000 0.000000 1.000000
   21.2  -9.966   1.000 0.000000 1.000000
   21.4  -9.966   1.000 0.000000 1.000000
   21.6  -9.966   1.000 0.000000 1.000000
   21.8  -9.966   1.000 0.000000 1.000000
   22.0  -9.966   1.000 0.000000 1.000000
   22.2  -9.966   1.000 0.000000 1.000000
   22.4  -9.966   1.000 0.000000 1.000000
   22.6  -9.966   1.000 0.000000 1.000000
   22.8  -9.966   1.000 0.000000 1.000000
   23.0  -9.966   1.000 0.000000 1.000000
   23.2  -9.966   1.000 0.000000 1.000000
   23.4  -9.966   1.000 0.000000 1.000000
   23.6  -9.966   1.000 0.000000 1.000000
   23.8  -9.966   1.000 0.000000 1.000000
   24.0  -9.966   1.000 0.000000 1.000000
   24.2  -9.966   1.000 0.000000 1.000000
   24.4  -9.966   1.000 0.000000 1.000000
   24.6  -9.966   1.000 0.000000 1.000000
   24.8  -9.966   1.000 0.000000 1.000000
   25.0  -9.966   1.000 0.000000 1.000000
   25.2  -9.966   1.000 0.000000 1.000000
   25.4  -9.966   1.000 0.000000 1.000000
