  -25.6   1.000  -9.966 1.000000 0.000000
  -25.4   1.000  -9.966 1.000000 0.000000
  -25.2   1.000  -9.966 1.000000 0.000000
  -25.0   1.000  -9.966 1.000000 0.000000
  -24.8   1.000  -9.966 1.000000 0.000000
  -24.6   1.000  -9.966 1.000000 0.000000
  -24.4   1.000  -9.966 1.000000 0.000000
  -24.2   1.000  -9.966 1.000000 0.000000
  -24.0   1.000  -9.966 1.000000 0.000000
  -23.8   1.000  -9.966 1.000000 0.000000
  -23.6   1.000  -9.966 1.000000 0.000000
  -23.4   1.000  -9.966 1.000000 0.000000
  -23.2   1.000  -9.966 1.000000 0.000000
  -23.0   1.000  -9.966 1.000000 0.000000
  -22.8   1.000  -9.966 1.000000 0.000000
  -22.6   1.000  -9.966 1.000000 0.000000
  -22.4   1.000  -9.966 1.000000 0.000000
  -22.2   1.000  -9.966 1.000000 0.000000
  -22.0   1.000  -9.966 1.000000 0.000000
  -21.8   1.000  -9.966 1.000000 0.000000
  -21.6   1.000  -9.966 1.000000 0.000000
  -21.4   1.000  -9.966 1.000000 0.000000
  -21.2   1.000  -9.966 1.000000 0.000000
  -21.0   1.000  -9.966 1.000000 0.000000
  -20.8   1.000  -9.966 1.000000 0.000000
  -20.6   1.000  -9.966 1.000000 0.000000
  -20.4   1.000  -9.966 1.000000 0.000000
  -20.2   1.000  -9.966 1.000000 0.000000
  -20.0   1.000  -9.966 1.000000 0.000000
  -19.8   1.000  -9.966 1.000000 0.000000
  -19.6   1.000  -9.966 1.000000 0.000000
  -19.4   1.000  -9.966 1.000000 0.000000
  -19.2   1.000  -9.966 1.000000 0.000000
  -19.0   1.000  -9.966 1.000000 0.000000
  -18.8   1.000  -9.966 1.000000 0.000000
  -18.6   1.000  -9.966 1.000000 0.000000
  -18.4   1.000  -9.966 1.000000 0.000000
  -18.2   1.000  -9.966 1.000000 0.000000
  -18.0   1.000  -9.966 1.000000 0.000000
  -17.8   1.000  -9.966 1.000000 0.000000
  -17.6   1.000  -9.966 1.000000 0.000000
  -17.4   1.000  -9.966 1.000000 0.000000
  -17.2   1.000  -9.966 1.000000 0.000000
  -17.0   1.000  -9.966 1.000000 0.000000
  -16.8   0.956  -4.044 0.969697 0.030303
  -16.6   0.948  -3.807 0.964286 0.035714
  -16.4   0.974  -4.833 0.982456 0.017544
  -16.2   1.000  -9.966 1.000000 0.000000
  -16.0   0.960  -4.209 0.972973 0.027027
  -15.8   1.000  -9.966 1.000000 0.000000
  -15.6   0.988  -5.919 0.991736 0.008264
  -15.4   0.939  -3.585 0.958333 0.041667
  -15.2   0.972  -4.700 0.980769 0.019231
  -15.0   0.953  -3.954 0.967742 0.032258
  -14.8   0.984  -5.539 0.989247 0.010753
  -14.6   0.994  -7.006 0.996109 0.003891
  -14.4   0.991  -6.262 0.993485 0.006515
  -14.2   0.995  -7.214 0.996633 0.003367
  -14.0   0.992  -6.480 0.994398 0.005602
  -13.8   0.961  -4.213 0.973039 0.026961
  -13.6   0.964  -4.333 0.975191 0.024809
  -13.4   0.972  -4.693 0.980668 0.019332
  -13.2   0.965  -4.381 0.976000 0.024000
  -13.0   0.977  -4.952 0.983851 0.016149
  -12.8   0.972  -4.713 0.980942 0.019058
  -12.6   0.977  -4.977 0.984127 0.015873
  -12.4   0.967  -4.447 0.977080 0.022920
  -12.2   0.953  -3.949 0.967623 0.032377
  -12.0   0.954  -4.005 0.968851 0.031149
  -11.8   0.960  -4.204 0.972879 0.027121
  -11.6   0.954  -4.007 0.968895 0.031105
  -11.4   0.945  -3.742 0.962624 0.037376
  -11.2   0.955  -4.029 0.969361 0.030639
  -11.0   0.954  -4.005 0.968849 0.031151
  -10.8   0.944  -3.710 0.961799 0.038201
  -10.6   0.940  -3.614 0.959158 0.040842
  -10.4   0.943  -3.683 0.961060 0.038940
  -10.2   0.937  -3.539 0.956999 0.043001
  -10.0   0.929  -3.383 0.952074 0.047926
   -9.8   0.926  -3.328 0.950207 0.049793
   -9.6   0.914  -3.109 0.942058 0.057942
   -9.4   0.917  -3.160 0.944063 0.055937
   -9.2   0.911  -3.071 0.940488 0.059512
   -9.0   0.908  -3.020 0.938356 0.061644
   -8.8   0.897  -2.860 0.931121 0.068879
   -8.6   0.889  -2.758 0.926073 0.073927
   -8.4   0.874  -2.577 0.916217 0.083783
   -8.2   0.871  -2.549 0.914536 0.085464
   -8.0   0.862  -2.458 0.909027 0.090973
   -7.8   0.861  -2.445 0.908155 0.091845
   -7.6   0.842  -2.270 0.896323 0.103677
   -7.4   0.840  -2.253 0.895092 0.104908
   -7.2   0.835  -2.208 0.891754 0.108246
   -7.0   0.813  -2.038 0.878239 0.121761
   -6.8   0.809  -2.009 0.875773 0.124227
   -6.6   0.792  -1.895 0.865581 0.134419
   -6.4   0.783  -1.839 0.860232 0.139768
   -6.2   0.771  -1.771 0.853493 0.146507
   -6.0   0.756  -1.683 0.844297 0.155703
   -5.8   0.741  -1.606 0.835702 0.164298
   -5.6   0.727  -1.538 0.827801 0.172199
   -5.4   0.717  -1.491 0.822146 0.177854
   -5.2   0.697  -1.400 0.810584 0.189415
   -5.0   0.681  -1.335 0.801745 0.198255
   -4.8   0.662  -1.260 0.791165 0.208835
   -4.6   0.643  -1.189 0.780667 0.219333
   -4.4   0.626  -1.130 0.771609 0.228391
   -4.2   0.607  -1.067 0.761373 0.238627
   -4.0   0.589  -1.012 0.752130 0.247870
   -3.8   0.566  -0.944 0.740185 0.259815
   -3.6   0.544  -0.883 0.728961 0.271039
   -3.4   0.525  -0.834 0.719466 0.280534
   -3.2   0.499  -0.769 0.706505 0.293496
   -3.0   0.476  -0.715 0.695464 0.304536
   -2.8   0.454  -0.665 0.684693 0.315307
   -2.6   0.427  -0.609 0.672170 0.327830
   -2.4   0.402  -0.560 0.660775 0.339225
   -2.2   0.377  -0.512 0.649302 0.350699
   -2.0   0.349  -0.461 0.636718 0.363282
   -1.8   0.320  -0.412 0.624244 0.375756
   -1.6   0.291  -0.364 0.611597 0.388403
   -1.4   0.261  -0.319 0.599236 0.400764
   -1.2   0.227  -0.270 0.585231 0.414769
   -1.0   0.193  -0.222 0.571451 0.428548
   -0.8   0.158  -0.177 0.557683 0.442317
   -0.6   0.121  -0.132 0.543754 0.456246
   -0.4   0.082  -0.086 0.529060 0.470940
   -0.2   0.041  -0.043 0.514529 0.485471
    0.0   0.000   0.000 0.500000 0.500000
    0.2  -0.043   0.041 0.485471 0.514529
    0.4  -0.086   0.082 0.470940 0.529060
    0.6  -0.132   0.121 0.456246 0.543754
    0.8  -0.177   0.158 0.442317 0.557683
    1.0  -0.222   0.193 0.428548 0.571452
    1.2  -0.270   0.227 0.414769 0.585231
    1.4  -0.319   0.261 0.400764 0.599236
    1.6  -0.364   0.291 0.388403 0.611597
    1.8  -0.412   0.320 0.375756 0.624244
    2.0  -0.461   0.349 0.363282 0.636718
    2.2  -0.512   0.377 0.350698 0.649302
    2.4  -0.560   0.402 0.339225 0.660775
    2.6  -0.609   0.427 0.327830 0.672170
    2.8  -0.665   0.454 0.315307 0.684693
    3.0  -0.715   0.476 0.304536 0.695464
    3.2  -0.769   0.499 0.293496 0.706505
    3.4  -0.834   0.525 0.280534 0.719466
    3.6  -0.883   0.544 0.271039 0.728961
    3.8  -0.944   0.566 0.259815 0.740184
    4.0  -1.012   0.589 0.247870 0.752130
    4.2  -1.067   0.607 0.238627 0.761373
    4.4  -1.130   0.626 0.228391 0.771609
    4.6  -1.189   0.643 0.219333 0.780667
    4.8  -1.260   0.662 0.208835 0.791165
    5.0  -1.335   0.681 0.198255 0.801745
    5.2  -1.400   0.697 0.189415 0.810584
    5.4  -1.491   0.717 0.177854 0.822146
    5.6  -1.538   0.727 0.172199 0.827801
    5.8  -1.606   0.741 0.164298 0.835702
    6.0  -1.683   0.756 0.155703 0.844297
    6.2  -1.771   0.771 0.146507 0.853493
    6.4  -1.839   0.783 0.139768 0.860232
    6.6  -1.895   0.792 0.134419 0.865581
    6.8  -2.009   0.809 0.124227 0.875773
    7.0  -2.038   0.813 0.121761 0.878239
    7.2  -2.208   0.835 0.108246 0.891754
    7.4  -2.253   0.840 0.104908 0.895092
    7.6  -2.270   0.842 0.103677 0.896323
    7.8  -2.445   0.861 0.091845 0.908155
    8.0  -2.458   0.862 0.090973 0.909027
    8.2  -2.549   0.871 0.085464 0.914536
    8.4  -2.577   0.874 0.083783 0.916217
    8.6  -2.758   0.889 0.073927 0.926073
    8.8  -2.860   0.897 0.068879 0.931121
    9.0  -3.020   0.908 0.061644 0.938356
    9.2  -3.071   0.911 0.059512 0.940488
    9.4  -3.160   0.917 0.055937 0.944063
    9.6  -3.109   0.914 0.057942 0.942058
    9.8  -3.328   0.926 0.049793 0.950207
   10.0  -3.383   0.929 0.047926 0.952074
   10.2  -3.539   0.937 0.043001 0.956999
   10.4  -3.683   0.943 0.038940 0.961060
   10.6  -3.614   0.940 0.040842 0.959158
   10.8  -3.710   0.944 0.038201 0.961799
   11.0  -4.005   0.954 0.031151 0.968849
   11.2  -4.029   0.955 0.030639 0.969361
   11.4  -3.742   0.945 0.037376 0.962624
   11.6  -4.007   0.954 0.031105 0.968895
   11.8  -4.204   0.960 0.027121 0.972879
   12.0  -4.005   0.954 0.031149 0.968851
   12.2  -3.949   0.953 0.032377 0.967623
   12.4  -4.447   0.967 0.022920 0.977080
   12.6  -4.977   0.977 0.015873 0.984127
   12.8  -4.713   0.972 0.019058 0.980942
   13.0  -4.952   0.977 0.016149 0.983851
   13.2  -4.381   0.965 0.024000 0.976000
   13.4  -4.693   0.972 0.019332 0.980668
   13.6  -4.333   0.964 0.024809 0.975191
   13.8  -4.213   0.961 0.026961 0.973039
   14.0  -6.480   0.992 0.005602 0.994398
   14.2  -7.214   0.995 0.003367 0.996633
   14.4  -6.262   0.991 0.006515 0.993485
   14.6  -7.006   0.994 0.003891 0.996109
   14.8  -5.539   0.984 0.010753 0.989247
   15.0  -3.954   0.953 0.032258 0.967742
   15.2  -4.700   0.972 0.019231 0.980769
   15.4  -3.585   0.939 0.041667 0.958333
   15.6  -5.919   0.988 0.008264 0.991736
   15.8  -9.966   1.000 0.000000 1.000000
   16.0  -4.209   0.960 0.027027 0.972973
   16.2  -9.966   1.000 0.000000 1.000000
   16.4  -4.833   0.974 0.017544 0.982456
   16.6  -3.807   0.948 0.035714 0.964286
   16.8  -4.044   0.956 0.030303 0.969697
   17.0  -9.966   1.000 0.000000 1.000000
   17.2  -9.966   1.000 0.000000 1.000000
   17.4  -9.966   1.000 0.000000 1.000000
   17.6  -9.966   1.000 0.000000 1.000000
   17.8  -9.966   1.000 0.000000 1.000000
   18.0  -9.966   1.000 0.000000 1.000000
   18.2  -9.966   1.000 0.000000 1.000000
   18.4  -9.966   1.000 0.000000 1.000000
   18.6  -9.966   1.000 0.000000 1.000000
   18.8  -9.966   1.000 0.000000 1.000000
   19.0  -9.966   1.000 0.000000 1.000000
   19.2  -9.966   1.000 0.000000 1.000000
   19.4  -9.966   1.000 0.000000 1.000000
   19.6  -9.966   1.000 0.000000 1.000000
   19.8  -9.966   1.000 0.000000 1.000000
   20.0  -9.966   1.000 0.000000 1.000000
   20.2  -9.966   1.000 0.000000 1.000000
   20.4  -9.966   1.000 0.000000 1.000000
   20.6  -9.966   1.000 0.000000 1.000000
   20.8  -9.966   1.000 0.000000 1.000000
   21.0  -9.966   1.000 0.000000 1.000000
   21.2  -9.966   1.000 0.000000 1.000000
   21.4  -9.966   1.000 0.000000 1.000000
   21.6  -9.966   1.000 0.000000 1.000000
   21.8  -9.966   1.000 0.000000 1.000000
   22.0  -9.966   1.000 0.000000 1.000000
   22.2  -9.966   1.000 0.000000 1.000000
   22.4  -9.966   1.000 0.000000 1.000000
   22.6  -9.966   1.000 0.000000 1.000000
   22.8  -9.966   1.000 0.000000 1.000000
   23.0  -9.966   1.000 0.000000 1.000000
   23.2  -9.966   1.000 0.000000 1.000000
   23.4  -9.966   1.000 0.000000 1.000000
   23.6  -9.966   1.000 0.000000 1.000000
   23.8  -9.966   1.000 0.000000 1.000000
   24.0  -9.966   1.000 0.000000 1.000000
   24.2  -9.966   1.000 0.000000 1.000000
   24.4  -9.966   1.000 0.000000 1.000000
   24.6  -9.966   1.000 0.000000 1.000000
   24.8  -9.966   1.000 0.000000 1.000000
   25.0  -9.966   1.000 0.000000 1.000000
   25.2  -9.966   1.000 0.000000 1.000000
   25.4  -9.966   1.000 0.000000 1.000000
