  -25.6   1.000  -9.966 1.000000 0.000000
  -25.4   1.000  -9.966 1.000000 0.000000
  -25.2   1.000  -9.966 1.000000 0.000000
  -25.0   1.000  -9.966 1.000000 0.000000
  -24.8   1.000  -9.966 1.000000 0.000000
  -24.6   1.000  -9.966 1.000000 0.000000
  -24.4   1.000  -9.966 1.000000 0.000000
  -24.2   1.000  -9.966 1.000000 0.000000
  -24.0   1.000  -9.966 1.000000 0.000000
  -23.8   1.000  -9.966 1.000000 0.000000
  -23.6   1.000  -9.966 1.000000 0.000000
  -23.4   1.000  -9.966 1.000000 0.000000
  -23.2   1.000  -9.966 1.000000 0.000000
  -23.0   1.000  -9.966 1.000000 0.000000
  -22.8   1.000  -9.966 1.000000 0.000000
  -22.6   1.000  -9.966 1.000000 0.000000
  -22.4   1.000  -9.966 1.000000 0.000000
  -22.2   1.000  -9.966 1.000000 0.000000
  -22.0   1.000  -9.966 1.000000 0.000000
  -21.8   1.000  -9.966 1.000000 0.000000
  -21.6   1.000  -9.966 1.000000 0.000000
  -21.4   1.000  -9.966 1.000000 0.000000
  -21.2   1.000  -9.966 1.000000 0.000000
  -21.0   1.000  -9.966 1.000000 0.000000
  -20.8   1.000  -9.966 1.000000 0.000000
  -20.6   1.000  -9.966 1.000000 0.000000
  -20.4   1.000  -9.966 1.000000 0.000000
  -20.2   1.000  -9.966 1.000000 0.000000
  -20.0   1.000  -9.966 1.000000 0.000000
  -19.8   1.000  -9.966 1.000000 0.000000
  -19.6   1.000  -9.966 1.000000 0.000000
  -19.4   1.000  -9.966 1.000000 0.000000
  -19.2   1.000  -9.966 1.000000 0.000000
  -19.0   1.000  -9.966 1.000000 0.000000
  -18.8   1.000  -9.966 1.000000 0.000000
  -18.6   1.000  -9.966 1.000000 0.000000
  -18.4   1.000  -9.966 1.000000 0.000000
  -18.2   1.000  -9.966 1.000000 0.000000
  -18.0   1.000  -9.966 1.000000 0.000000
  -17.8   1.000  -9.966 1.000000 0.000000
  -17.6   1.000  -9.966 1.000000 0.000000
  -17.4   1.000  -9.966 1.000000 0.000000
  -17.2   1.000  -9.966 1.000000 0.000000
  -17.0   1.000  -9.966 1.000000 0.000000
  -16.8   1.000  -9.966 1.000000 0.000000
  -16.6   1.000  -9.966 1.000000 0.000000
  -16.4   1.000  -9.966 1.000000 0.000000
  -16.2   1.000  -9.966 1.000000 0.000000
  -16.0   1.000  -9.966 1.000000 0.000000
  -15.8   1.000  -9.966 1.000000 0.000000
  -15.6   1.000  -9.966 1.000000 0.000000
  -15.4   1.000  -9.966 1.000000 0.000000
  -15.2   0.994  -6.827 0.995595 0.004405
  -15.0   1.000  -9.966 1.000000 0.000000
  -14.8   0.990  -6.175 0.993080 0.006920
  -14.6   1.000  -9.966 1.000000 0.000000
  -14.4   1.000  -9.966 1.000000 0.000000
  -14.2   1.000  -9.966 1.000000 0.000000
  -14.0   0.992  -6.473 0.994372 0.005629
  -13.8   0.995  -7.180 0.996552 0.003448
  -13.6   0.998  -8.353 0.998471 0.001529
  -13.4   0.994  -6.891 0.995786 0.004213
  -13.2   0.997  -7.825 0.997795 0.002205
  -13.0   0.995  -7.039 0.996198 0.003802
  -12.8   0.996  -7.530 0.997295 0.002705
  -12.6   0.997  -7.719 0.997627 0.002373
  -12.4   0.995  -7.168 0.996523 0.003477
  -12.2   0.988  -5.908 0.991672 0.008328
  -12.0   0.994  -6.920 0.995870 0.004130
  -11.8   0.988  -5.973 0.992037 0.007963
  -11.6   0.994  -6.962 0.995989 0.004011
  -11.4   0.994  -6.996 0.996084 0.003916
  -11.2   0.992  -6.521 0.994554 0.005446
  -11.0   0.993  -6.629 0.994947 0.005053
  -10.8   0.994  -6.971 0.996013 0.003987
  -10.6   0.988  -5.859 0.991388 0.008612
  -10.4   0.989  -6.044 0.992420 0.007580
  -10.2   0.988  -5.906 0.991663 0.008337
  -10.0   0.988  -5.935 0.991827 0.008173
   -9.8   0.988  -5.912 0.991697 0.008303
   -9.6   0.985  -5.616 0.989807 0.010193
   -9.4   0.985  -5.609 0.989758 0.010242
   -9.2   0.985  -5.614 0.989789 0.010211
   -9.0   0.983  -5.375 0.987948 0.012052
   -8.8   0.981  -5.277 0.987104 0.012896
   -8.6   0.979  -5.108 0.985498 0.014502
   -8.4   0.978  -5.031 0.984708 0.015292
   -8.2   0.976  -4.917 0.983453 0.016547
   -8.0   0.974  -4.789 0.981912 0.018088
   -7.8   0.971  -4.651 0.980099 0.019900
   -7.6   0.971  -4.645 0.980014 0.019986
   -7.4   0.969  -4.547 0.978606 0.021394
   -7.2   0.967  -4.461 0.977297 0.022703
   -7.0   0.962  -4.258 0.973868 0.026132
   -6.8   0.959  -4.174 0.972296 0.027704
   -6.6   0.954  -3.987 0.968458 0.031542
   -6.4   0.952  -3.935 0.967308 0.032692
   -6.2   0.948  -3.832 0.964886 0.035114
   -6.0   0.943  -3.678 0.960946 0.039054
   -5.8   0.939  -3.599 0.958723 0.041277
   -5.6   0.934  -3.484 0.955325 0.044675
   -5.4   0.929  -3.377 0.951869 0.048131
   -5.2   0.920  -3.212 0.946042 0.053958
   -5.0   0.913  -3.101 0.941712 0.058288
   -4.8   0.905  -2.972 0.936263 0.063737
   -4.6   0.896  -2.841 0.930225 0.069775
   -4.4   0.889  -2.752 0.925790 0.074210
   -4.2   0.877  -2.618 0.918579 0.081421
   -4.0   0.865  -2.482 0.910523 0.089477
   -3.8   0.854  -2.373 0.903447 0.096553
   -3.6   0.837  -2.228 0.893300 0.106700
   -3.4   0.822  -2.105 0.883797 0.116203
   -3.2   0.805  -1.981 0.873335 0.126665
   -3.0   0.786  -1.858 0.862069 0.137931
   -2.8   0.767  -1.745 0.850830 0.149170
   -2.6   0.740  -1.600 0.835115 0.164885
   -2.4   0.712  -1.467 0.819186 0.180814
   -2.2   0.683  -1.343 0.802886 0.197114
   -2.0   0.651  -1.217 0.784966 0.215034
   -1.8   0.613  -1.089 0.764977 0.235023
   -1.6   0.573  -0.965 0.743847 0.256152
   -1.4   0.526  -0.835 0.719780 0.280220
   -1.2   0.474  -0.710 0.694362 0.305638
   -1.0   0.417  -0.588 0.667382 0.332618
   -0.8   0.354  -0.470 0.638899 0.361101
   -0.6   0.276  -0.342 0.605589 0.394411
   -0.4   0.195  -0.225 0.572259 0.427741
   -0.2   0.100  -0.107 0.535878 0.464122
    0.0   0.000   0.000 0.500000 0.500000
    0.2  -0.107   0.100 0.464122 0.535878
    0.4  -0.225   0.195 0.427741 0.572259
    0.6  -0.342   0.276 0.394411 0.605589
    0.8  -0.470   0.354 0.361101 0.638899
    1.0  -0.588   0.417 0.332618 0.667382
    1.2  -0.710   0.474 0.305638 0.694362
    1.4  -0.835   0.526 0.280220 0.719780
    1.6  -0.965   0.573 0.256152 0.743847
    1.8  -1.089   0.613 0.235023 0.764977
    2.0  -1.217   0.651 0.215034 0.784966
    2.2  -1.343   0.683 0.197114 0.802886
    2.4  -1.467   0.712 0.180814 0.819186
    2.6  -1.600   0.740 0.164885 0.835115
    2.8  -1.745   0.767 0.149170 0.850830
    3.0  -1.858   0.786 0.137931 0.862069
    3.2  -1.981   0.805 0.126665 0.873335
    3.4  -2.105   0.822 0.116203 0.883797
    3.6  -2.228   0.837 0.106700 0.893300
    3.8  -2.373   0.854 0.096553 0.903447
    4.0  -2.482   0.865 0.089477 0.910523
    4.2  -2.618   0.877 0.081421 0.918579
    4.4  -2.752   0.889 0.074210 0.925790
    4.6  -2.841   0.896 0.069775 0.930225
    4.8  -2.972   0.905 0.063737 0.936263
    5.0  -3.101   0.913 0.058288 0.941712
    5.2  -3.212   0.920 0.053958 0.946042
    5.4  -3.377   0.929 0.048131 0.951869
    5.6  -3.484   0.934 0.044675 0.955325
    5.8  -3.599   0.939 0.041277 0.958723
    6.0  -3.678   0.943 0.039054 0.960946
    6.2  -3.832   0.948 0.035114 0.964886
    6.4  -3.935   0.952 0.032692 0.967308
    6.6  -3.987   0.954 0.031542 0.968458
    6.8  -4.174   0.959 0.027704 0.972296
    7.0  -4.258   0.962 0.026132 0.973868
    7.2  -4.461   0.967 0.022703 0.977297
    7.4  -4.547   0.969 0.021394 0.978606
    7.6  -4.645   0.971 0.019986 0.980014
    7.8  -4.651   0.971 0.019900 0.980099
    8.0  -4.789   0.974 0.018088 0.981912
    8.2  -4.917   0.976 0.016547 0.983453
    8.4  -5.031   0.978 0.015292 0.984708
    8.6  -5.108   0.979 0.014502 0.985498
    8.8  -5.277   0.981 0.012896 0.987104
    9.0  -5.375   0.983 0.012052 0.987948
    9.2  -5.614   0.985 0.010211 0.989789
    9.4  -5.609   0.985 0.010242 0.989758
    9.6  -5.616   0.985 0.010193 0.989807
    9.8  -5.912   0.988 0.008303 0.991697
   10.0  -5.935   0.988 0.008173 0.991827
   10.2  -5.906   0.988 0.008337 0.991663
   10.4  -6.044   0.989 0.007580 0.992420
   10.6  -5.859   0.988 0.008612 0.991388
   10.8  -6.971   0.994 0.003987 0.996013
   11.0  -6.629   0.993 0.005053 0.994947
   11.2  -6.521   0.992 0.005446 0.994554
   11.4  -6.996   0.994 0.003916 0.996084
   11.6  -6.962   0.994 0.004011 0.995989
   11.8  -5.973   0.988 0.007963 0.992037
   12.0  -6.920   0.994 0.004130 0.995870
   12.2  -5.908   0.988 0.008328 0.991672
   12.4  -7.168   0.995 0.003477 0.996523
   12.6  -7.719   0.997 0.002373 0.997627
   12.8  -7.530   0.996 0.002705 0.997295
   13.0  -7.039   0.995 0.003802 0.996198
   13.2  -7.825   0.997 0.002205 0.997795
   13.4  -6.891   0.994 0.004213 0.995786
   13.6  -8.353   0.998 0.001529 0.998471
   13.8  -7.180   0.995 0.003448 0.996552
   14.0  -6.473   0.992 0.005629 0.994371
   14.2  -9.966   1.000 0.000000 1.000000
   14.4  -9.966   1.000 0.000000 1.000000
   14.6  -9.966   1.000 0.000000 1.000000
   14.8  -6.175   0.990 0.006920 0.993080
   15.0  -9.966   1.000 0.000000 1.000000
   15.2  -6.827   0.994 0.004405 0.995595
   15.4  -9.966   1.000 0.000000 1.000000
   15.6  -9.966   1.000 0.000000 1.000000
   15.8  -9.966   1.000 0.000000 1.000000
   16.0  -9.966   1.000 0.000000 1.000000
   16.2  -9.966   1.000 0.000000 1.000000
   16.4  -9.966   1.000 0.000000 1.000000
   16.6  -9.966   1.000 0.000000 1.000000
   16.8  -9.966   1.000 0.000000 1.000000
   17.0  -9.966   1.000 0.000000 1.000000
   17.2  -9.966   1.000 0.000000 1.000000
   17.4  -9.966   1.000 0.000000 1.000000
   17.6  -9.966   1.000 0.000000 1.000000
   17.8  -9.966   1.000 0.000000 1.000000
   18.0  -9.966   1.000 0.000000 1.000000
   18.2  -9.966   1.000 0.000000 1.000000
   18.4  -9.966   1.000 0.000000 1.000000
   18.6  -9.966   1.000 0.000000 1.000000
   18.8  -9.966   1.000 0.000000 1.000000
   19.0  -9.966   1.000 0.000000 1.000000
   19.2  -9.966   1.000 0.000000 1.000000
   19.4  -9.966   1.000 0.000000 1.000000
   19.6  -9.966   1.000 0.000000 1.000000
   19.8  -9.966   1.000 0.000000 1.000000
   20.0  -9.966   1.000 0.000000 1.000000
   20.2  -9.966   1.000 0.000000 1.000000
   20.4  -9.966   1.000 0.000000 1.000000
   20.6  -9.966   1.000 0.000000 1.000000
   20.8  -9.966   1.000 0.000000 1.000000
   21.0  -9.966   1.000 0.000000 1.000000
   21.2  -9.966   1.000 0.000000 1.000000
   21.4  -9.966   1.000 0.000000 1.000000
   21.6  -9.966   1.000 0.000000 1.000000
   21.8  -9.966   1.000 0.000000 1.000000
   22.0  -9.966   1.000 0.000000 1.000000
   22.2  -9.966   1.000 0.000000 1.000000
   22.4  -9.966   1.000 0.000000 1.000000
   22.6  -9.966   1.000 0.000000 1.000000
   22.8  -9.966   1.000 0.000000 1.000000
   23.0  -9.966   1.000 0.000000 1.000000
   23.2  -9.966   1.000 0.000000 1.000000
   23.4  -9.966   1.000 0.000000 1.000000
   23.6  -9.966   1.000 0.000000 1.000000
   23.8  -9.966   1.000 0.000000 1.000000
   24.0  -9.966   1.000 0.000000 1.000000
   24.2  -9.966   1.000 0.000000 1.000000
   24.4  -9.966   1.000 0.000000 1.000000
   24.6  -9.966   1.000 0.000000 1.000000
   24.8  -9.966   1.000 0.000000 1.000000
   25.0  -9.966   1.000 0.000000 1.000000
   25.2  -9.966   1.000 0.000000 1.000000
   25.4  -9.966   1.000 0.000000 1.000000
