  -25.6   1.000  -9.966 1.000000 0.000000
  -25.4   1.000  -9.966 1.000000 0.000000
  -25.2   1.000  -9.966 1.000000 0.000000
  -25.0   1.000  -9.966 1.000000 0.000000
  -24.8   1.000  -9.966 1.000000 0.000000
  -24.6   1.000  -9.966 1.000000 0.000000
  -24.4   1.000  -9.966 1.000000 0.000000
  -24.2   1.000  -9.966 1.000000 0.000000
  -24.0   1.000  -9.966 1.000000 0.000000
  -23.8   1.000  -9.966 1.000000 0.000000
  -23.6   1.000  -9.966 1.000000 0.000000
  -23.4   1.000  -9.966 1.000000 0.000000
  -23.2   1.000  -9.966 1.000000 0.000000
  -23.0   1.000  -9.966 1.000000 0.000000
  -22.8   1.000  -9.966 1.000000 0.000000
  -22.6   1.000  -9.966 1.000000 0.000000
  -22.4   1.000  -9.966 1.000000 0.000000
  -22.2   1.000  -9.966 1.000000 0.000000
  -22.0   1.000  -9.966 1.000000 0.000000
  -21.8   1.000  -9.966 1.000000 0.000000
  -21.6   1.000  -9.966 1.000000 0.000000
  -21.4   1.000  -9.966 1.000000 0.000000
  -21.2   1.000  -9.966 1.000000 0.000000
  -21.0   1.000  -9.966 1.000000 0.000000
  -20.8   1.000  -9.966 1.000000 0.000000
  -20.6   1.000  -9.966 1.000000 0.000000
  -20.4   1.000  -9.966 1.000000 0.000000
  -20.2   1.000  -9.966 1.000000 0.000000
  -20.0   1.000  -9.966 1.000000 0.000000
  -19.8   1.000  -9.966 1.000000 0.000000
  -19.6   1.000  -9.966 1.000000 0.000000
  -19.4   1.000  -9.966 1.000000 0.000000
  -19.2   1.000  -9.966 1.000000 0.000000
  -19.0   1.000  -9.966 1.000000 0.000000
  -18.8   1.000  -9.966 1.000000 0.000000
  -18.6   1.000  -9.966 1.000000 0.000000
  -18.4   1.000  -9.966 1.000000 0.000000
  -18.2   1.000  -9.966 1.000000 0.000000
  -18.0   1.000  -9.966 1.000000 0.000000
  -17.8   1.000  -9.966 1.000000 0.000000
  -17.6   1.000  -9.966 1.000000 0.000000
  -17.4   1.000  -9.966 1.000000 0.000000
  -17.2   1.000  -9.966 1.000000 0.000000
  -17.0   1.000  -9.966 1.000000 0.000000
  -16.8   1.000  -9.966 1.000000 0.000000
  -16.6   1.000  -9.966 1.000000 0.000000
  -16.4   1.000  -9.966 1.000000 0.000000
  -16.2   1.000  -9.966 1.000000 0.000000
  -16.0   1.000  -9.966 1.000000 0.000000
  -15.8   1.000  -9.966 1.000000 0.000000
  -15.6   1.000  -9.966 1.000000 0.000000
  -15.4   1.000  -9.966 1.000000 0.000000
  -15.2   1.000  -9.966 1.000000 0.000000
  -15.0   1.000  -9.966 1.000000 0.000000
  -14.8   1.000  -9.966 1.000000 0.000000
  -14.6   1.000  -9.966 1.000000 0.000000
  -14.4   1.000  -9.966 1.000000 0.000000
  -14.2   1.000  -9.966 1.000000 0.000000
  -14.0   1.000  -9.966 1.000000 0.000000
  -13.8   1.000  -9.966 1.000000 0.000000
  -13.6   1.000  -9.966 1.000000 0.000000
  -13.4   1.000  -9.966 1.000000 0.000000
  -13.2   1.000  -9.966 1.000000 0.000000
  -13.0   1.000  -9.966 1.000000 0.000000
  -12.8   1.000  -9.966 1.000000 0.000000
  -12.6   1.000  -9.966 1.000000 0.000000
  -12.4   1.000  -9.966 1.000000 0.000000
  -12.2   0.997  -7.954 0.997984 0.002016
  -12.0   0.998  -8.412 0.998532 0.001468
  -11.8   0.993  -6.674 0.995104 0.004896
  -11.6   0.996  -7.366 0.996970 0.003030
  -11.4   0.994  -6.853 0.995675 0.004325
  -11.2   0.988  -5.869 0.991446 0.008554
  -11.0   0.986  -5.683 0.990268 0.009732
  -10.8   0.988  -5.965 0.991996 0.008004
  -10.6   0.993  -6.664 0.995070 0.004931
  -10.4   0.990  -6.119 0.992806 0.007194
  -10.2   0.988  -5.973 0.992038 0.007962
  -10.0   0.991  -6.318 0.993732 0.006268
   -9.8   0.989  -6.011 0.992244 0.007756
   -9.6   0.986  -5.724 0.990541 0.009459
   -9.4   0.989  -5.989 0.992130 0.007870
   -9.2   0.989  -6.063 0.992521 0.007479
   -9.0   0.989  -5.983 0.992093 0.007907
   -8.8   0.985  -5.549 0.989321 0.010679
   -8.6   0.978  -5.079 0.985207 0.014793
   -8.4   0.979  -5.104 0.985465 0.014535
   -8.2   0.974  -4.799 0.982037 0.017963
   -8.0   0.972  -4.722 0.981050 0.018950
   -7.8   0.969  -4.552 0.978678 0.021322
   -7.6   0.970  -4.582 0.979127 0.020873
   -7.4   0.962  -4.282 0.974294 0.025706
   -7.2   0.959  -4.169 0.972204 0.027796
   -7.0   0.953  -3.971 0.968113 0.031887
   -6.8   0.946  -3.770 0.963354 0.036646
   -6.6   0.941  -3.648 0.960109 0.039891
   -6.4   0.934  -3.492 0.955553 0.044447
   -6.2   0.927  -3.347 0.950870 0.049130
   -6.0   0.919  -3.200 0.945595 0.054405
   -5.8   0.908  -3.014 0.938114 0.061886
   -5.6   0.901  -2.910 0.933464 0.066536
   -5.4   0.886  -2.718 0.924019 0.075981
   -5.2   0.872  -2.558 0.915084 0.084916
   -5.0   0.862  -2.451 0.908572 0.091428
   -4.8   0.844  -2.289 0.897722 0.102278
   -4.6   0.829  -2.160 0.888101 0.111899
   -4.4   0.810  -2.022 0.876869 0.123131
   -4.2   0.790  -1.883 0.864485 0.135515
   -4.0   0.768  -1.750 0.851346 0.148654
   -3.8   0.747  -1.638 0.839378 0.160622
   -3.6   0.724  -1.521 0.825721 0.174279
   -3.4   0.698  -1.403 0.810951 0.189049
   -3.2   0.671  -1.295 0.796301 0.203699
   -3.0   0.641  -1.184 0.779948 0.220052
   -2.8   0.612  -1.083 0.763936 0.236064
   -2.6   0.578  -0.979 0.746357 0.253643
   -2.4   0.545  -0.888 0.729733 0.270267
   -2.2   0.510  -0.795 0.711910 0.288090
   -2.0   0.473  -0.709 0.694051 0.305949
   -1.8   0.435  -0.626 0.675930 0.324070
   -1.6   0.397  -0.549 0.658236 0.341764
   -1.4   0.353  -0.467 0.638387 0.361613
   -1.2   0.310  -0.396 0.620056 0.379944
   -1.0   0.265  -0.324 0.600610 0.399390
   -0.8   0.215  -0.253 0.580508 0.419492
   -0.6   0.167  -0.189 0.561254 0.438746
   -0.4   0.113  -0.123 0.540774 0.459226
   -0.2   0.057  -0.059 0.520044 0.479956
    0.0   0.000   0.000 0.500000 0.500000
    0.2  -0.059   0.057 0.479956 0.520044
    0.4  -0.123   0.113 0.459226 0.540774
    0.6  -0.189   0.167 0.438746 0.561254
    0.8  -0.253   0.215 0.419492 0.580508
    1.0  -0.324   0.265 0.399390 0.600610
    1.2  -0.396   0.310 0.379944 0.620056
    1.4  -0.467   0.353 0.361613 0.638387
    1.6  -0.549   0.397 0.341764 0.658236
    1.8  -0.626   0.435 0.324070 0.675930
    2.0  -0.709   0.473 0.305949 0.694051
    2.2  -0.795   0.510 0.288090 0.711910
    2.4  -0.888   0.545 0.270267 0.729733
    2.6  -0.979   0.578 0.253643 0.746357
    2.8  -1.083   0.612 0.236064 0.763936
    3.0  -1.184   0.641 0.220052 0.779948
    3.2  -1.295   0.671 0.203699 0.796301
    3.4  -1.403   0.698 0.189049 0.810951
    3.6  -1.521   0.724 0.174279 0.825721
    3.8  -1.638   0.747 0.160622 0.839378
    4.0  -1.750   0.768 0.148654 0.851346
    4.2  -1.883   0.790 0.135515 0.864485
    4.4  -2.022   0.810 0.123131 0.876869
    4.6  -2.160   0.829 0.111899 0.888101
    4.8  -2.289   0.844 0.102278 0.897722
    5.0  -2.451   0.862 0.091428 0.908572
    5.2  -2.558   0.872 0.084916 0.915084
    5.4  -2.718   0.886 0.075981 0.924019
    5.6  -2.910   0.901 0.066536 0.933464
    5.8  -3.014   0.908 0.061886 0.938114
    6.0  -3.200   0.919 0.054405 0.945595
    6.2  -3.347   0.927 0.049130 0.950870
    6.4  -3.492   0.934 0.044447 0.955553
    6.6  -3.648   0.941 0.039891 0.960109
    6.8  -3.770   0.946 0.036646 0.963354
    7.0  -3.971   0.953 0.031887 0.968113
    7.2  -4.169   0.959 0.027796 0.972204
    7.4  -4.282   0.962 0.025706 0.974294
    7.6  -4.582   0.970 0.020873 0.979127
    7.8  -4.552   0.969 0.021322 0.978678
    8.0  -4.722   0.972 0.018950 0.981050
    8.2  -4.799   0.974 0.017963 0.982037
    8.4  -5.104   0.979 0.014535 0.985465
    8.6  -5.079   0.978 0.014793 0.985207
    8.8  -5.549   0.985 0.010679 0.989321
    9.0  -5.983   0.989 0.007907 0.992093
    9.2  -6.063   0.989 0.007479 0.992521
    9.4  -5.989   0.989 0.007870 0.992130
    9.6  -5.724   0.986 0.009459 0.990541
    9.8  -6.011   0.989 0.007756 0.992244
   10.0  -6.318   0.991 0.006268 0.993732
   10.2  -5.973   0.988 0.007962 0.992038
   10.4  -6.119   0.990 0.007194 0.992806
   10.6  -6.664   0.993 0.004931 0.995070
   10.8  -5.965   0.988 0.008004 0.991996
   11.0  -5.683   0.986 0.009732 0.990268
   11.2  -5.869   0.988 0.008554 0.991446
   11.4  -6.853   0.994 0.004325 0.995675
   11.6  -7.366   0.996 0.003030 0.996970
   11.8  -6.674   0.993 0.004896 0.995104
   12.0  -8.412   0.998 0.001468 0.998532
   12.2  -7.954   0.997 0.002016 0.997984
   12.4  -9.966   1.000 0.000000 1.000000
   12.6  -9.966   1.000 0.000000 1.000000
   12.8  -9.966   1.000 0.000000 1.000000
   13.0  -9.966   1.000 0.000000 1.000000
   13.2  -9.966   1.000 0.000000 1.000000
   13.4  -9.966   1.000 0.000000 1.000000
   13.6  -9.966   1.000 0.000000 1.000000
   13.8  -9.966   1.000 0.000000 1.000000
   14.0  -9.966   1.000 0.000000 1.000000
   14.2  -9.966   1.000 0.000000 1.000000
   14.4  -9.966   1.000 0.000000 1.000000
   14.6  -9.966   1.000 0.000000 1.000000
   14.8  -9.966   1.000 0.000000 1.000000
   15.0  -9.966   1.000 0.000000 1.000000
   15.2  -9.966   1.000 0.000000 1.000000
   15.4  -9.966   1.000 0.000000 1.000000
   15.6  -9.966   1.000 0.000000 1.000000
   15.8  -9.966   1.000 0.000000 1.000000
   16.0  -9.966   1.000 0.000000 1.000000
   16.2  -9.966   1.000 0.000000 1.000000
   16.4  -9.966   1.000 0.000000 1.000000
   16.6  -9.966   1.000 0.000000 1.000000
   16.8  -9.966   1.000 0.000000 1.000000
   17.0  -9.966   1.000 0.000000 1.000000
   17.2  -9.966   1.000 0.000000 1.000000
   17.4  -9.966   1.000 0.000000 1.000000
   17.6  -9.966   1.000 0.000000 1.000000
   17.8  -9.966   1.000 0.000000 1.000000
   18.0  -9.966   1.000 0.000000 1.000000
   18.2  -9.966   1.000 0.000000 1.000000
   18.4  -9.966   1.000 0.000000 1.000000
   18.6  -9.966   1.000 0.000000 1.000000
   18.8  -9.966   1.000 0.000000 1.000000
   19.0  -9.966   1.000 0.000000 1.000000
   19.2  -9.966   1.000 0.000000 1.000000
   19.4  -9.966   1.000 0.000000 1.000000
   19.6  -9.966   1.000 0.000000 1.000000
   19.8  -9.966   1.000 0.000000 1.000000
   20.0  -9.966   1.000 0.000000 1.000000
   20.2  -9.966   1.000 0.000000 1.000000
   20.4  -9.966   1.000 0.000000 1.000000
   20.6  -9.966   1.000 0.000000 1.000000
   20.8  -9.966   1.000 0.000000 1.000000
   21.0  -9.966   1.000 0.000000 1.000000
   21.2  -9.966   1.000 0.000000 1.000000
   21.4  -9.966   1.000 0.000000 1.000000
   21.6  -9.966   1.000 0.000000 1.000000
   21.8  -9.966   1.000 0.000000 1.000000
   22.0  -9.966   1.000 0.000000 1.000000
   22.2  -9.966   1.000 0.000000 1.000000
   22.4  -9.966   1.000 0.000000 1.000000
   22.6  -9.966   1.000 0.000000 1.000000
   22.8  -9.966   1.000 0.000000 1.000000
   23.0  -9.966   1.000 0.000000 1.000000
   23.2  -9.966   1.000 0.000000 1.000000
   23.4  -9.966   1.000 0.000000 1.000000
   23.6  -9.966   1.000 0.000000 1.000000
   23.8  -9.966   1.000 0.000000 1.000000
   24.0  -9.966   1.000 0.000000 1.000000
   24.2  -9.966   1.000 0.000000 1.000000
   24.4  -9.966   1.000 0.000000 1.000000
   24.6  -9.966   1.000 0.000000 1.000000
   24.8  -9.966   1.000 0.000000 1.000000
   25.0  -9.966   1.000 0.000000 1.000000
   25.2  -9.966   1.000 0.000000 1.000000
   25.4  -9.966   1.000 0.000000 1.000000
