  -25.6   1.000  -9.966 1.000000 0.000000
  -25.4   1.000  -9.966 1.000000 0.000000
  -25.2   1.000  -9.966 1.000000 0.000000
  -25.0   1.000  -9.966 1.000000 0.000000
  -24.8   1.000  -9.966 1.000000 0.000000
  -24.6   1.000  -9.966 1.000000 0.000000
  -24.4   1.000  -9.966 1.000000 0.000000
  -24.2   1.000  -9.966 1.000000 0.000000
  -24.0   1.000  -9.966 1.000000 0.000000
  -23.8   1.000  -9.966 1.000000 0.000000
  -23.6   1.000  -9.966 1.000000 0.000000
  -23.4   1.000  -9.966 1.000000 0.000000
  -23.2   1.000  -9.966 1.000000 0.000000
  -23.0   1.000  -9.966 1.000000 0.000000
  -22.8   1.000  -9.966 1.000000 0.000000
  -22.6   1.000  -9.966 1.000000 0.000000
  -22.4   1.000  -9.966 1.000000 0.000000
  -22.2   1.000  -9.966 1.000000 0.000000
  -22.0   1.000  -9.966 1.000000 0.000000
  -21.8   1.000  -9.966 1.000000 0.000000
  -21.6   1.000  -9.966 1.000000 0.000000
  -21.4   1.000  -9.966 1.000000 0.000000
  -21.2   1.000  -9.966 1.000000 0.000000
  -21.0   1.000  -9.966 1.000000 0.000000
  -20.8   1.000  -9.966 1.000000 0.000000
  -20.6   1.000  -9.966 1.000000 0.000000
  -20.4   1.000  -9.966 1.000000 0.000000
  -20.2   1.000  -9.966 1.000000 0.000000
  -20.0   1.000  -9.966 1.000000 0.000000
  -19.8   1.000  -9.966 1.000000 0.000000
  -19.6   1.000  -9.966 1.000000 0.000000
  -19.4   1.000  -9.966 1.000000 0.000000
  -19.2   1.000  -9.966 1.000000 0.000000
  -19.0   1.000  -9.966 1.000000 0.000000
  -18.8   1.000  -9.966 1.000000 0.000000
  -18.6   1.000  -9.966 1.000000 0.000000
  -18.4   1.000  -9.966 1.000000 0.000000
  -18.2   1.000  -9.966 1.000000 0.000000
  -18.0   1.000  -9.966 1.000000 0.000000
  -17.8   1.000  -9.966 1.000000 0.000000
  -17.6   1.000  -9.966 1.000000 0.000000
  -17.4   1.000  -9.966 1.000000 0.000000
  -17.2   1.000  -9.966 1.000000 0.000000
  -17.0   1.000  -9.966 1.000000 0.000000
  -16.8   1.000  -9.966 1.000000 0.000000
  -16.6   0.959  -4.170 0.972222 0.027778
  -16.4   1.000  -9.966 1.000000 0.000000
  -16.2   0.941  -3.644 0.960000 0.040000
  -16.0   0.976  -4.907 0.983333 0.016667
  -15.8   1.000  -9.966 1.000000 0.000000
  -15.6   0.967  -4.459 0.977273 0.022727
  -15.4   0.848  -2.322 0.900000 0.100000
  -15.2   0.942  -3.667 0.960630 0.039370
  -15.0   0.973  -4.728 0.981132 0.018868
  -14.8   0.983  -5.418 0.988304 0.011696
  -14.6   0.976  -4.939 0.983696 0.016304
  -14.4   0.993  -6.707 0.995215 0.004785
  -14.2   0.973  -4.755 0.981481 0.018519
  -14.0   0.967  -4.486 0.977695 0.022305
  -13.8   0.937  -3.547 0.957237 0.042763
  -13.6   0.965  -4.388 0.976119 0.023881
  -13.4   0.966  -4.409 0.976471 0.023529
  -13.2   0.949  -3.847 0.965251 0.034749
  -13.0   0.943  -3.684 0.961102 0.038898
  -12.8   0.953  -3.975 0.968203 0.031797
  -12.6   0.962  -4.272 0.974127 0.025873
  -12.4   0.947  -3.785 0.963731 0.036269
  -12.2   0.930  -3.403 0.952741 0.047259
  -12.0   0.958  -4.123 0.971311 0.028689
  -11.8   0.932  -3.436 0.953793 0.046207
  -11.6   0.935  -3.500 0.955818 0.044182
  -11.4   0.895  -2.839 0.930113 0.069887
  -11.2   0.918  -3.178 0.944770 0.055230
  -11.0   0.912  -3.085 0.941081 0.058919
  -10.8   0.907  -2.996 0.937332 0.062668
  -10.6   0.892  -2.795 0.927952 0.072048
  -10.4   0.886  -2.716 0.923927 0.076073
  -10.2   0.876  -2.601 0.917567 0.082433
  -10.0   0.886  -2.720 0.924130 0.075870
   -9.8   0.880  -2.642 0.919893 0.080107
   -9.6   0.872  -2.556 0.914949 0.085051
   -9.4   0.857  -2.409 0.905888 0.094112
   -9.2   0.841  -2.258 0.895470 0.104530
   -9.0   0.840  -2.256 0.895314 0.104686
   -8.8   0.826  -2.137 0.886335 0.113665
   -8.6   0.815  -2.056 0.879718 0.120282
   -8.4   0.806  -1.991 0.874186 0.125814
   -8.2   0.789  -1.876 0.863805 0.136195
   -8.0   0.796  -1.924 0.868270 0.131730
   -7.8   0.781  -1.826 0.858962 0.141038
   -7.6   0.764  -1.728 0.849044 0.150956
   -7.4   0.761  -1.710 0.847124 0.152876
   -7.2   0.742  -1.609 0.836093 0.163907
   -7.0   0.726  -1.534 0.827283 0.172717
   -6.8   0.711  -1.460 0.818268 0.181732
   -6.6   0.691  -1.376 0.807345 0.192655
   -6.4   0.686  -1.354 0.804445 0.195555
   -6.2   0.667  -1.279 0.793962 0.206038
   -6.0   0.650  -1.213 0.784364 0.215636
   -5.8   0.635  -1.163 0.776660 0.223340
   -5.6   0.622  -1.117 0.769516 0.230484
   -5.4   0.605  -1.063 0.760687 0.239313
   -5.2   0.587  -1.008 0.751310 0.248690
   -5.0   0.564  -0.940 0.739378 0.260622
   -4.8   0.550  -0.901 0.732183 0.267817
   -4.6   0.528  -0.841 0.720956 0.279044
   -4.4   0.513  -0.802 0.713274 0.286726
   -4.2   0.493  -0.754 0.703582 0.296418
   -4.0   0.473  -0.709 0.694181 0.305819
   -3.8   0.453  -0.665 0.684674 0.315326
   -3.6   0.433  -0.621 0.674982 0.325018
   -3.4   0.415  -0.584 0.666454 0.333546
   -3.2   0.393  -0.542 0.656518 0.343482
   -3.0   0.375  -0.507 0.648220 0.351780
   -2.8   0.352  -0.467 0.638248 0.361752
   -2.6   0.331  -0.430 0.628969 0.371031
   -2.4   0.307  -0.391 0.618752 0.381248
   -2.2   0.287  -0.358 0.609961 0.390039
   -2.0   0.266  -0.326 0.601139 0.398861
   -1.8   0.243  -0.292 0.591609 0.408391
   -1.6   0.218  -0.257 0.581604 0.418396
   -1.4   0.194  -0.225 0.572065 0.427935
   -1.2   0.169  -0.191 0.561999 0.438001
   -1.0   0.144  -0.160 0.552499 0.447501
   -0.8   0.117  -0.127 0.542090 0.457910
   -0.6   0.088  -0.094 0.531389 0.468611
   -0.4   0.060  -0.062 0.521108 0.478892
   -0.2   0.030  -0.030 0.510438 0.489562
    0.0   0.000   0.000 0.500000 0.500000
    0.2  -0.030   0.030 0.489562 0.510438
    0.4  -0.062   0.060 0.478892 0.521108
    0.6  -0.094   0.088 0.468611 0.531389
    0.8  -0.127   0.117 0.457910 0.542090
    1.0  -0.160   0.144 0.447501 0.552499
    1.2  -0.191   0.169 0.438001 0.561999
    1.4  -0.225   0.194 0.427935 0.572065
    1.6  -0.257   0.218 0.418396 0.581604
    1.8  -0.292   0.243 0.408391 0.591609
    2.0  -0.326   0.266 0.398861 0.601139
    2.2  -0.358   0.287 0.390039 0.609961
    2.4  -0.391   0.307 0.381248 0.618752
    2.6  -0.430   0.331 0.371031 0.628969
    2.8  -0.467   0.352 0.361752 0.638248
    3.0  -0.507   0.375 0.351780 0.648220
    3.2  -0.542   0.393 0.343482 0.656518
    3.4  -0.584   0.415 0.333546 0.666454
    3.6  -0.621   0.433 0.325018 0.674982
    3.8  -0.665   0.453 0.315326 0.684674
    4.0  -0.709   0.473 0.305819 0.694181
    4.2  -0.754   0.493 0.296418 0.703582
    4.4  -0.802   0.513 0.286726 0.713274
    4.6  -0.841   0.528 0.279044 0.720956
    4.8  -0.901   0.550 0.267817 0.732183
    5.0  -0.940   0.564 0.260622 0.739378
    5.2  -1.008   0.587 0.248690 0.751310
    5.4  -1.063   0.605 0.239313 0.760687
    5.6  -1.117   0.622 0.230484 0.769516
    5.8  -1.163   0.635 0.223340 0.776660
    6.0  -1.213   0.650 0.215636 0.784364
    6.2  -1.279   0.667 0.206038 0.793962
    6.4  -1.354   0.686 0.195555 0.804445
    6.6  -1.376   0.691 0.192655 0.807345
    6.8  -1.460   0.711 0.181732 0.818268
    7.0  -1.534   0.726 0.172717 0.827283
    7.2  -1.609   0.742 0.163907 0.836093
    7.4  -1.710   0.761 0.152876 0.847124
    7.6  -1.728   0.764 0.150956 0.849044
    7.8  -1.826   0.781 0.141038 0.858962
    8.0  -1.924   0.796 0.131730 0.868270
    8.2  -1.876   0.789 0.136195 0.863805
    8.4  -1.991   0.806 0.125814 0.874186
    8.6  -2.056   0.815 0.120282 0.879718
    8.8  -2.137   0.826 0.113665 0.886335
    9.0  -2.256   0.840 0.104686 0.895314
    9.2  -2.258   0.841 0.104530 0.895470
    9.4  -2.409   0.857 0.094112 0.905888
    9.6  -2.556   0.872 0.085051 0.914949
    9.8  -2.642   0.880 0.080107 0.919893
   10.0  -2.720   0.886 0.075870 0.924130
   10.2  -2.601   0.876 0.082433 0.917567
   10.4  -2.716   0.886 0.076073 0.923927
   10.6  -2.795   0.892 0.072048 0.927952
   10.8  -2.996   0.907 0.062668 0.937332
   11.0  -3.085   0.912 0.058919 0.941081
   11.2  -3.178   0.918 0.055230 0.944770
   11.4  -2.839   0.895 0.069887 0.930113
   11.6  -3.500   0.935 0.044182 0.955818
   11.8  -3.436   0.932 0.046207 0.953793
   12.0  -4.123   0.958 0.028689 0.971311
   12.2  -3.403   0.930 0.047259 0.952741
   12.4  -3.785   0.947 0.036269 0.963731
   12.6  -4.272   0.962 0.025873 0.974127
   12.8  -3.975   0.953 0.031797 0.968203
   13.0  -3.684   0.943 0.038898 0.961102
   13.2  -3.847   0.949 0.034749 0.965251
   13.4  -4.409   0.966 0.023529 0.976471
   13.6  -4.388   0.965 0.023881 0.976119
   13.8  -3.547   0.937 0.042763 0.957237
   14.0  -4.486   0.967 0.022305 0.977695
   14.2  -4.755   0.973 0.018519 0.981481
   14.4  -6.707   0.993 0.004785 0.995215
   14.6  -4.939   0.976 0.016304 0.983696
   14.8  -5.418   0.983 0.011696 0.988304
   15.0  -4.728   0.973 0.018868 0.981132
   15.2  -3.667   0.942 0.039370 0.960630
   15.4  -2.322   0.848 0.100000 0.900000
   15.6  -4.459   0.967 0.022727 0.977273
   15.8  -9.966   1.000 0.000000 1.000000
   16.0  -4.907   0.976 0.016667 0.983333
   16.2  -3.644   0.941 0.040000 0.960000
   16.4  -9.966   1.000 0.000000 1.000000
   16.6  -4.170   0.959 0.027778 0.972222
   16.8  -9.966   1.000 0.000000 1.000000
   17.0  -9.966   1.000 0.000000 1.000000
   17.2  -9.966   1.000 0.000000 1.000000
   17.4  -9.966   1.000 0.000000 1.000000
   17.6  -9.966   1.000 0.000000 1.000000
   17.8  -9.966   1.000 0.000000 1.000000
   18.0  -9.966   1.000 0.000000 1.000000
   18.2  -9.966   1.000 0.000000 1.000000
   18.4  -9.966   1.000 0.000000 1.000000
   18.6  -9.966   1.000 0.000000 1.000000
   18.8  -9.966   1.000 0.000000 1.000000
   19.0  -9.966   1.000 0.000000 1.000000
   19.2  -9.966   1.000 0.000000 1.000000
   19.4  -9.966   1.000 0.000000 1.000000
   19.6  -9.966   1.000 0.000000 1.000000
   19.8  -9.966   1.000 0.000000 1.000000
   20.0  -9.966   1.000 0.000000 1.000000
   20.2  -9.966   1.000 0.000000 1.000000
   20.4  -9.966   1.000 0.000000 1.000000
   20.6  -9.966   1.000 0.000000 1.000000
   20.8  -9.966   1.000 0.000000 1.000000
   21.0  -9.966   1.000 0.000000 1.000000
   21.2  -9.966   1.000 0.000000 1.000000
   21.4  -9.966   1.000 0.000000 1.000000
   21.6  -9.966   1.000 0.000000 1.000000
   21.8  -9.966   1.000 0.000000 1.000000
   22.0  -9.966   1.000 0.000000 1.000000
   22.2  -9.966   1.000 0.000000 1.000000
   22.4  -9.966   1.000 0.000000 1.000000
   22.6  -9.966   1.000 0.000000 1.000000
   22.8  -9.966   1.000 0.000000 1.000000
   23.0  -9.966   1.000 0.000000 1.000000
   23.2  -9.966   1.000 0.000000 1.000000
   23.4  -9.966   1.000 0.000000 1.000000
   23.6  -9.966   1.000 0.000000 1.000000
   23.8  -9.966   1.000 0.000000 1.000000
   24.0  -9.966   1.000 0.000000 1.000000
   24.2  -9.966   1.000 0.000000 1.000000
   24.4  -9.966   1.000 0.000000 1.000000
   24.6  -9.966   1.000 0.000000 1.000000
   24.8  -9.966   1.000 0.000000 1.000000
   25.0  -9.966   1.000 0.000000 1.000000
   25.2  -9.966   1.000 0.000000 1.000000
   25.4  -9.966   1.000 0.000000 1.000000
