Mode    nsps  ndf  nrpt   baud      df       BW       T
--------------------------------------------------------
fsample = 11025 Hz:
FSK441    25    1  many    441     441      1764     30

JT6M     512    1  many  21.533   21.533     947     30

JT65A   4096    1    1   2.6917   2.6917   177.65   46.8
JT65B   4096    2    1   2.6917   5.3833   355.30   46.8
JT65C   4096    4    1   2.6917  10.7666   710.60   46.8

JT2     2520    1    1   4.375    4.375      8.75   47.3

JT4A    2520    1    1   4.375    4.375     17.50   47.3
JT4B    2520    2    1   4.375    8.750     35.00   47.3
JT4C    2520    4    1   4.375   17.500     70.00   47.3
JT4D    2520    9    1   4.375   39.375    157.50   47.3
JT4E    2520   18    1   4.375   78.750    315.00   47.3
JT4F    2520   36    1   4.375  157.500    630.00   47.3
JT4G    2520   72    1   4.375  315.000   1260.00   47.3

fsample = 12000 Hz:
JT64A   8192    1    1   1.4648   1.4648    93.75   47.1
JT64B   8192    2    1   1.4648   2.9297   187.50   47.1
JT64C   8192    4    1   1.4648   5.8594   375.00   47.1
JT64D   8192    8    1   1.4648  11.7188   750.00   47.1
JT64E   8192   16    1   1.4648  23.4375  1500.00   47.1

ISCAT_A 1024    1    5  11.7188  11.7188   750.00   29.4
ISCAT_B  512    1   10  23.4375  23.4375  1500.00   29.4
